Target,target_abs_freq, target_rel_freq*100, ref_abs_freq, ref_rel_freq*100, CHI2
黃,122,0.13,10418,0.12,2476.21
帝,351,0.37,31553,0.36,1357.83
居,160,0.17,12627,0.14,5785.6
軒,33,0.03,721,0.01,26134.46
轅,33,0.03,566,0.01,31280.95
丘,13,0.01,2384,0.03,7499.27
娶,163,0.17,265,0.0,220637.63
西,205,0.22,28717,0.33,17918.08
陵,72,0.08,8048,0.09,4861.55
女,5585,5.9,1,0.0,2130813.71
爲,363,0.38,11935,0.14,60049.27
祖,143,0.15,13591,0.16,1102.77
昌,64,0.07,6927,0.08,3817.38
意,49,0.05,7721,0.09,11262.57
蜀,22,0.02,3217,0.04,6472.76
山,144,0.15,19974,0.23,14651.26
氏,426,0.45,7950,0.09,105857.89
僕,39,0.04,3346,0.04,1312.95
生,375,0.4,13225,0.15,56616.81
高,165,0.17,13781,0.16,3722.08
陽,200,0.21,18385,0.21,90.24
聖,72,0.08,7574,0.09,3331.76
焉,74,0.08,6752,0.08,244.08
陳,115,0.12,12114,0.14,4255.54
鋒,6,0.01,1023,0.01,4536.49
放,51,0.05,1826,0.02,20516.79
勳,14,0.01,1647,0.02,2712.8
堯,27,0.03,1519,0.02,7621.23
妻,542,0.57,2934,0.03,246706.68
觀,73,0.08,9714,0.11,9354.15
德,170,0.18,20783,0.24,10962.19
舜,21,0.02,1246,0.01,5986.49
婦,454,0.48,1809,0.02,260317.07
禮,147,0.16,19343,0.22,12871.53
召,58,0.06,9343,0.11,12771.79
謀,61,0.06,5821,0.07,813.09
事,289,0.31,51329,0.59,33746.52
言,242,0.26,35294,0.4,21382.29
績,15,0.02,1027,0.01,3401.78
年,537,0.57,96596,1.11,47048.27
登,43,0.05,4725,0.05,3423.18
位,94,0.1,10742,0.12,6193.82
內,201,0.21,16058,0.18,5972.4
男,570,0.6,1163,0.01,381704.64
與,412,0.43,36953,0.42,1607.25
處,53,0.06,5579,0.06,2872.52
外,181,0.19,15057,0.17,4057.75
敢,51,0.05,5911,0.07,4861.48
貴,133,0.14,6093,0.07,24163.23
驕,19,0.02,980,0.01,7542.13
親,139,0.15,8983,0.1,12389.55
戚,29,0.03,1544,0.02,8798.09
道,195,0.21,21819,0.25,8049.55
象,39,0.04,3189,0.04,2199.71
父,250,0.26,9719,0.11,41278.59
母,325,0.34,6560,0.08,87222.87
分,123,0.13,17507,0.2,14406.78
琴,11,0.01,432,0.0,8547.1
取,181,0.19,7955,0.09,29925.76
牛,119,0.13,2766,0.03,47228.34
羊,20,0.02,1421,0.02,3435.87
倉,14,0.01,2589,0.03,7881.19
廩,8,0.01,786,0.01,538.23
予,47,0.05,1936,0.02,16635.74
人,1418,1.5,79105,0.91,56444.95
敬,45,0.05,3723,0.04,2130.55
惟,64,0.07,6011,0.07,457.07
時,299,0.32,29661,0.34,3789.3
天,360,0.38,37009,0.42,6166.98
命,163,0.17,18345,0.21,7579.43
禹,25,0.03,1446,0.02,6915.46
平,190,0.2,23965,0.27,12882.26
水,105,0.11,14442,0.17,12245.22
土,104,0.11,5959,0.07,14397.98
維,16,0.02,1933,0.02,3217.67
視,55,0.06,5000,0.06,290.79
爾,21,0.02,2272,0.03,2180.58
行,235,0.25,30137,0.35,15096.66
謂,127,0.13,12120,0.14,1176.03
欲,185,0.2,13713,0.16,8746.97
左,114,0.12,15193,0.17,11742.34
右,106,0.11,15666,0.18,14552.21
民,262,0.28,19354,0.22,10577.6
輔,28,0.03,4556,0.05,9035.69
余,41,0.04,2638,0.03,6810.73
古,55,0.06,7016,0.08,7175.57
日,258,0.27,30442,0.35,11807.2
月,292,0.31,56826,0.65,38872.0
星,254,0.27,10628,0.12,37906.8
辰,29,0.03,6419,0.07,14445.86
作,85,0.09,8383,0.1,1858.71
文,167,0.18,25764,0.3,19974.03
繡,29,0.03,736,0.01,21655.36
服,132,0.14,8705,0.1,11379.36
色,119,0.13,3725,0.04,36130.1
明,156,0.16,20683,0.24,13545.29
聞,159,0.17,14065,0.16,1512.9
律,18,0.02,2891,0.03,7073.74
聲,51,0.05,4508,0.05,872.34
音,24,0.03,1537,0.02,5278.86
來,125,0.13,13636,0.16,5597.94
始,69,0.07,8983,0.1,8546.51
滑,6,0.01,648,0.01,1152.65
出,370,0.39,24413,0.28,19039.17
聽,48,0.05,5310,0.06,3755.28
辟,8,0.01,2593,0.03,11262.63
匡,7,0.01,768,0.01,1368.72
拂,9,0.01,254,0.0,10973.53
無,365,0.39,29795,0.34,6836.03
面,29,0.03,2641,0.03,183.17
退,41,0.04,5012,0.06,5377.23
吾,77,0.08,6501,0.07,2261.41
功,87,0.09,12384,0.14,12115.15
序,24,0.03,1517,0.02,5470.66
夏,47,0.05,8047,0.09,12790.81
后,379,0.4,9093,0.1,82141.92
子,1374,1.45,59734,0.68,83962.8
塗,13,0.01,849,0.01,3674.25
誓,15,0.02,696,0.01,7959.38
告,62,0.07,5515,0.06,815.12
威,38,0.04,4982,0.06,6471.15
棄,42,0.04,2704,0.03,6881.44
正,155,0.16,23441,0.27,18480.37
絕,58,0.06,4309,0.05,4843.64
攻,49,0.05,6611,0.08,7953.88
共,56,0.06,3793,0.04,6814.15
御,108,0.11,15865,0.18,14496.67
馬,197,0.21,16831,0.19,3126.82
政,108,0.11,15053,0.17,12836.78
賞,30,0.03,3885,0.04,5546.45
社,22,0.02,2294,0.03,1718.79
則,217,0.23,22682,0.26,5510.17
殷,14,0.01,1348,0.02,488.6
契,36,0.04,2235,0.03,7022.93
簡,15,0.02,3241,0.04,10083.63
狄,10,0.01,690,0.01,2704.51
為,1330,1.4,106331,1.22,15365.25
次,140,0.15,6960,0.08,21812.23
妃,161,0.17,2188,0.03,80735.12
北,139,0.15,20089,0.23,15865.24
門,165,0.17,15314,0.18,282.81
遇,43,0.05,4150,0.05,901.88
房,54,0.06,2275,0.03,17312.07
湯,21,0.02,1643,0.02,2212.13
格,8,0.01,1877,0.02,8125.78
眾,56,0.06,8514,0.1,11219.9
庶,52,0.05,5113,0.06,1389.27
悉,57,0.06,4889,0.06,1593.39
朕,24,0.03,3473,0.04,6605.03
台,19,0.02,2405,0.03,4114.99
舉,49,0.05,12818,0.15,22668.78
亂,75,0.08,5848,0.07,4268.4
罪,62,0.07,10404,0.12,14201.1
『,48,0.05,3863,0.04,2766.15
君,153,0.16,10591,0.12,10466.45
恤,12,0.01,1363,0.02,2149.09
嗇,5,0.01,108,0.0,10264.39
割,9,0.01,1044,0.01,2049.22
』,40,0.04,3854,0.04,838.49
柰,6,0.01,188,0.0,8103.16
亡,101,0.11,5542,0.06,15503.28
尚,200,0.21,17341,0.2,2534.46
罰,8,0.01,1785,0.02,7659.23
大,567,0.6,66416,0.76,17020.55
理,39,0.04,7272,0.08,13320.12
毋,45,0.05,2359,0.03,11276.52
信,53,0.06,7226,0.08,8502.85
食,107,0.11,8885,0.1,3174.13
從,207,0.22,22945,0.26,7891.52
攸,5,0.01,517,0.01,763.63
赦,27,0.03,2750,0.03,1542.57
怨,39,0.04,2216,0.03,8972.73
國,428,0.45,31886,0.37,13007.82
聚,24,0.03,2171,0.02,263.99
樂,224,0.24,10641,0.12,29688.41
戲,23,0.02,688,0.01,16605.03
沙,26,0.03,2507,0.03,687.39
酒,93,0.1,4078,0.05,21515.19
池,13,0.01,1928,0.02,5130.47
縣,139,0.15,20366,0.23,16357.23
肉,19,0.02,854,0.01,9387.64
林,53,0.06,6929,0.08,7581.39
裸,13,0.01,61,0.0,40884.75
逐,19,0.02,2006,0.02,1758.13
閒,20,0.02,858,0.01,10281.18
長,390,0.41,17623,0.2,42246.48
夜,71,0.07,4902,0.06,7192.79
飲,50,0.05,1940,0.02,18495.96
侯,160,0.17,16871,0.19,5058.19
紂,8,0.01,311,0.0,7380.33
喜,37,0.04,2869,0.03,3097.69
淫,70,0.07,788,0.01,59801.09
怒,51,0.05,4364,0.05,1557.21
殺,161,0.17,10518,0.12,12925.06
伯,64,0.07,6480,0.07,2235.04
臣,266,0.28,33344,0.38,14947.53
夭,9,0.01,172,0.0,15113.67
徒,38,0.04,4321,0.05,3845.51
求,85,0.09,8061,0.09,790.6
美,95,0.1,2750,0.03,34823.41
奇,45,0.05,3005,0.03,6391.59
物,92,0.1,6005,0.07,9793.08
善,65,0.07,10001,0.11,12383.7
獻,96,0.1,7033,0.08,6639.15
姜,18,0.02,438,0.01,17682.1
原,36,0.04,5907,0.07,10401.62
戎,20,0.02,2401,0.03,3512.96
熊,6,0.01,941,0.01,3904.22
駟,7,0.01,194,0.0,9840.54
怪,8,0.01,633,0.01,1270.98
嬖,18,0.02,168,0.0,33811.55
費,21,0.02,2515,0.03,3566.84
仲,42,0.04,4169,0.05,1429.95
武,163,0.17,22574,0.26,15529.51
王,773,0.82,55445,0.64,20642.01
知,203,0.21,30169,0.35,20396.8
妾,100,0.11,830,0.01,85057.55
經,90,0.1,10662,0.12,7079.37
饗,7,0.01,720,0.01,862.3
發,86,0.09,9056,0.1,3669.8
鹿,10,0.01,945,0.01,237.96
牧,8,0.01,2132,0.02,9332.3
鴻,10,0.01,1498,0.02,4596.21
滿,22,0.02,2896,0.03,4980.29
野,33,0.03,1846,0.02,8524.73
游,19,0.02,1062,0.01,6478.69
密,36,0.04,8195,0.09,16646.87
康,30,0.03,4474,0.05,7887.65
公,583,0.62,24409,0.28,57429.41
奔,20,0.02,2453,0.03,3799.44
夫,354,0.37,15320,0.18,42776.02
獸,8,0.01,644,0.01,1126.9
群,25,0.03,4374,0.05,9664.02
歸,152,0.16,13120,0.15,2372.89
太,532,0.56,47497,0.54,2141.73
申,60,0.06,7020,0.08,5491.14
宣,101,0.11,10584,0.12,3832.55
童,45,0.05,808,0.01,35362.34
謠,7,0.01,176,0.0,10724.87
厭,13,0.01,692,0.01,5892.51
箕,20,0.02,371,0.0,23027.05
實,52,0.05,7737,0.09,10335.55
周,82,0.09,10443,0.12,8718.48
褒,19,0.02,1220,0.01,4662.52
請,112,0.12,18820,0.22,19140.92
贖,24,0.03,804,0.01,15130.53
姒,8,0.01,67,0.0,23938.88
翟,14,0.01,818,0.01,5060.78
將,310,0.33,35926,0.41,12001.08
秦,106,0.11,7896,0.09,6468.38
先,170,0.18,14856,0.17,2033.83
顓,7,0.01,283,0.0,6575.37
裔,5,0.01,531,0.01,940.72
孫,240,0.25,8724,0.1,43769.83
修,56,0.06,8404,0.1,10922.29
織,83,0.09,677,0.01,78228.26
玄,83,0.09,3812,0.04,19014.66
鳥,10,0.01,605,0.01,3945.97
業,36,0.04,4198,0.05,4193.16
少,143,0.15,12258,0.14,2546.14
典,59,0.06,4606,0.05,3758.04
華,55,0.06,4374,0.05,3222.01
姚,13,0.01,1056,0.01,1340.25
姓,52,0.05,3891,0.04,4433.17
玉,112,0.12,5142,0.06,22101.95
防,19,0.02,3345,0.04,8509.15
旁,16,0.02,1144,0.01,2998.12
皋,5,0.01,516,0.01,750.81
幾,35,0.04,4111,0.05,4262.04
駱,6,0.01,234,0.0,6366.55
成,151,0.16,17332,0.2,8014.65
適,85,0.09,1764,0.02,43659.71
孝,157,0.17,8565,0.1,19552.68
昔,31,0.03,2288,0.03,3649.14
胥,17,0.02,668,0.01,10618.47
中,553,0.58,57401,0.66,8326.51
保,51,0.05,8041,0.09,11503.6
垂,20,0.02,1814,0.02,205.74
睦,9,0.01,546,0.01,3718.7
廢,28,0.03,5814,0.07,13099.08
襄,23,0.02,3134,0.04,5591.64
元,190,0.2,33391,0.38,26878.37
弟,316,0.33,6879,0.08,81134.69
繆,9,0.01,444,0.01,5599.05
豐,29,0.03,3499,0.04,4311.34
圉,5,0.01,200,0.0,5632.45
宗,401,0.42,27912,0.32,16631.7
囚,27,0.03,1666,0.02,6177.31
骨,20,0.02,1257,0.01,5069.99
願,43,0.05,4401,0.05,2041.41
令,255,0.27,24142,0.28,1290.44
試,17,0.02,4079,0.05,12152.38
遺,65,0.07,3809,0.04,10835.39
奪,54,0.06,2946,0.03,11462.8
志,40,0.04,3873,0.04,930.46
疏,32,0.03,7831,0.09,17047.3
留,56,0.06,7613,0.09,8675.08
莫,51,0.05,4628,0.05,318.11
遣,157,0.17,15531,0.18,2639.83
失,84,0.09,7214,0.08,1900.16
期,23,0.02,2875,0.03,4347.1
曲,21,0.02,3296,0.04,7315.8
席,7,0.01,892,0.01,2550.6
坐,91,0.1,7810,0.09,1996.45
傳,96,0.1,6780,0.08,7704.56
器,38,0.04,4038,0.05,2604.77
問,59,0.06,7361,0.08,6920.49
地,122,0.13,15081,0.17,9649.93
形,21,0.02,1533,0.02,3152.58
兵,223,0.24,37019,0.42,26473.09
勢,32,0.03,3550,0.04,3113.29
盡,81,0.09,7683,0.09,776.4
察,22,0.02,7012,0.08,18400.39
後,375,0.4,29000,0.33,10030.15
史,200,0.21,26177,0.3,14792.2
楚,58,0.06,5448,0.06,437.3
建,68,0.07,11787,0.14,15705.43
魏,58,0.06,5534,0.06,789.9
賤,16,0.02,882,0.01,6113.0
順,61,0.06,5986,0.07,1458.72
慎,18,0.02,1818,0.02,1153.94
遵,16,0.02,1713,0.02,1778.89
職,41,0.04,7348,0.08,12859.86
齋,18,0.02,1018,0.01,6155.21
戒,33,0.03,2113,0.02,6193.26
徐,49,0.05,4482,0.05,147.39
市,64,0.07,3855,0.04,10090.15
數,204,0.22,19656,0.23,1896.58
千,234,0.25,22336,0.26,1606.72
海,80,0.08,8913,0.1,5037.7
僊,7,0.01,122,0.0,14245.02
博,34,0.04,4844,0.06,7586.07
士,244,0.26,29682,0.34,12907.54
對,38,0.04,5351,0.06,7801.66
葬,41,0.04,2772,0.03,5864.68
隔,7,0.01,513,0.01,1789.39
禁,71,0.07,5124,0.06,6084.16
止,71,0.07,6115,0.07,1675.68
誠,28,0.03,4126,0.05,7426.69
遂,142,0.15,15671,0.18,6377.58
屠,11,0.01,759,0.01,2836.52
咸,24,0.03,3093,0.04,4889.44
燒,13,0.01,675,0.01,6165.42
宮,362,0.38,11911,0.14,59919.91
室,163,0.17,4457,0.05,48082.46
虜,42,0.04,1969,0.02,13113.11
收,49,0.05,4183,0.05,1575.06
珍,35,0.04,1150,0.01,18647.13
寶,108,0.11,6973,0.08,10949.03
貨,33,0.03,1184,0.01,16464.41
財,63,0.07,2628,0.03,18946.36
諸,242,0.26,24867,0.28,5031.82
關,40,0.04,6768,0.08,11566.57
幸,74,0.08,5294,0.06,6434.76
項,10,0.01,1678,0.02,5700.08
羽,16,0.02,2660,0.03,7095.47
引,68,0.07,6986,0.08,2659.6
降,88,0.09,9677,0.11,4919.31
嬰,8,0.01,873,0.01,1417.99
火,33,0.03,3377,0.04,1785.67
滅,22,0.02,2264,0.03,1535.84
東,195,0.21,29811,0.34,21198.54
夷,39,0.04,4001,0.05,1987.59
齊,107,0.11,6679,0.08,11942.9
城,171,0.18,21362,0.24,11841.84
郭,49,0.05,2892,0.03,9256.69
屋,18,0.02,888,0.01,7918.46
田,62,0.07,9170,0.11,11143.26
榮,25,0.03,2871,0.03,3266.01
卒,96,0.1,16364,0.19,18154.39
系,14,0.01,1255,0.01,301.7
老,72,0.08,4624,0.05,9073.5
弱,39,0.04,1715,0.02,13875.46
漢,102,0.11,12174,0.14,7762.06
滎,6,0.01,450,0.01,1488.81
甲,64,0.07,8746,0.1,9400.55
擊,45,0.05,7805,0.09,12786.11
息,26,0.03,2618,0.03,1340.88
季,29,0.03,1999,0.02,4621.97
帚,5,0.01,21,0.0,26678.08
罷,38,0.04,9391,0.11,18780.3
呂,84,0.09,3946,0.05,18489.44
媼,14,0.01,104,0.0,33776.37
常,87,0.09,13552,0.16,14682.64
兒,143,0.15,2034,0.02,73885.98
惠,54,0.06,3516,0.04,7555.74
魯,68,0.07,3024,0.03,18035.19
主,641,0.68,14466,0.17,112341.24
沛,9,0.01,1227,0.01,3502.25
方,138,0.15,15787,0.18,7544.22
踞,5,0.01,119,0.0,9492.88
床,35,0.04,259,0.0,53514.46
兩,86,0.09,8861,0.1,3071.3
洗,6,0.01,587,0.01,435.33
足,53,0.06,5832,0.07,3830.97
焚,30,0.03,1486,0.02,10155.1
軍,222,0.23,44940,0.52,35748.41
餘,179,0.19,17421,0.2,2173.38
微,41,0.04,3548,0.04,1183.39
崩,8,0.01,1915,0.02,8313.28
阿,32,0.03,1994,0.02,6558.78
背,21,0.02,1297,0.01,5434.82
約,34,0.04,3050,0.03,458.1
目,30,0.03,2699,0.03,383.34
見,169,0.18,15729,0.18,393.3
封,193,0.2,18228,0.21,1022.79
悼,7,0.01,964,0.01,3169.23
章,67,0.07,9775,0.11,11243.37
朱,24,0.03,2932,0.03,4104.32
虛,46,0.05,2827,0.03,8145.13
祿,63,0.07,5252,0.06,2342.69
皇,382,0.4,15328,0.18,49081.02
詳,10,0.01,2121,0.02,8043.07
身,63,0.07,5484,0.06,1329.02
名,131,0.14,15340,0.18,8146.58
立,183,0.19,15997,0.18,2097.91
友,17,0.02,2487,0.03,5695.37
受,95,0.1,8002,0.09,2579.37
弗,9,0.01,1412,0.02,4785.07
愛,88,0.09,2451,0.03,34737.31
姬,53,0.06,649,0.01,49444.57
妒,22,0.02,126,0.0,48345.48
讒,14,0.01,612,0.01,8382.05
誣,20,0.02,1337,0.02,4246.25
過,75,0.08,6806,0.08,385.37
安,248,0.26,27751,0.32,9083.77
兮,31,0.03,2061,0.02,5377.87
惡,43,0.05,3653,0.04,1569.58
營,26,0.03,5687,0.07,13480.49
劉,85,0.09,9591,0.11,5541.03
澤,14,0.01,2909,0.03,9269.2
產,48,0.05,1626,0.02,21147.32
趙,84,0.09,7875,0.09,474.07
陰,83,0.09,5504,0.06,8871.25
部,79,0.08,27247,0.31,37437.99
捕,26,0.03,2188,0.03,1362.85
斬,55,0.06,4919,0.06,648.63
黎,9,0.01,1471,0.02,5163.33
離,40,0.04,2127,0.02,10357.16
戰,56,0.06,8690,0.1,11689.16
苦,32,0.03,1782,0.02,8471.74
俱,65,0.07,4257,0.05,8149.57
休,33,0.03,2395,0.03,4051.47
拱,11,0.01,1509,0.02,3934.12
稱,90,0.1,8632,0.1,1129.98
制,108,0.11,13797,0.16,10104.58
戶,128,0.14,12250,0.14,1275.21
晏,16,0.02,1059,0.01,3916.62
然,81,0.09,13442,0.15,15924.38
初,148,0.16,16649,0.19,7204.59
賜,151,0.16,12242,0.14,4641.41
爵,53,0.06,3537,0.04,6950.34
級,54,0.06,1532,0.02,26751.52
百,285,0.3,31476,0.36,9081.07
酺,6,0.01,252,0.0,5793.69
會,77,0.08,10907,0.12,11266.2
逮,12,0.01,1511,0.02,3215.6
罵,23,0.02,594,0.01,18996.03
緩,9,0.01,1047,0.01,2074.88
急,49,0.05,4170,0.05,1639.43
益,44,0.05,7707,0.09,12846.77
緹,5,0.01,63,0.0,14920.33
傷,36,0.04,2643,0.03,4026.7
泣,41,0.04,1370,0.02,19830.09
隨,39,0.04,3556,0.04,190.06
書,144,0.15,35294,0.4,36281.39
吏,106,0.11,13448,0.15,9796.15
廉,11,0.01,2150,0.02,7566.84
法,92,0.1,14773,0.17,15996.55
當,133,0.14,14862,0.17,6599.78
刑,25,0.03,6794,0.08,16834.77
嫁,191,0.2,444,0.01,210619.59
祠,28,0.03,3287,0.04,3803.26
祀,24,0.03,5160,0.06,12677.69
帶,18,0.02,2770,0.03,6516.35
寸,11,0.01,1933,0.02,6454.81
布,55,0.06,4517,0.05,2516.67
車,52,0.05,5531,0.06,3067.87
哭,29,0.03,1169,0.01,13433.99
臨,50,0.05,6193,0.07,6216.56
殿,49,0.05,11556,0.13,20240.5
神,85,0.09,9822,0.11,6194.66
死,315,0.33,16966,0.19,28398.75
悲,21,0.02,561,0.01,17618.82
哀,29,0.03,2193,0.03,3142.0
宛,10,0.01,642,0.01,3383.99
泰,24,0.03,3675,0.04,7450.16
素,48,0.05,3565,0.04,4412.31
鼓,44,0.05,2722,0.03,7834.8
弦,14,0.01,917,0.01,3780.14
瑟,17,0.02,193,0.0,29319.95
破,49,0.05,7026,0.08,9244.56
禽,8,0.01,750,0.01,146.24
丁,74,0.08,8166,0.09,4600.13
晉,28,0.03,5097,0.06,10884.81
乂,6,0.01,348,0.0,3367.27
啟,16,0.02,2166,0.02,4584.71
蔡,48,0.05,2666,0.03,10431.21
興,81,0.09,12025,0.14,12841.41
桓,39,0.04,1531,0.02,16102.92
允,14,0.01,2721,0.03,8469.85
宋,40,0.04,4444,0.05,3508.47
手,44,0.05,3002,0.03,5896.02
迎,42,0.04,3143,0.04,3982.35
送,68,0.07,3191,0.04,16661.84
譏,5,0.01,506,0.01,621.23
衛,100,0.11,11698,0.13,7085.82
牟,5,0.01,498,0.01,515.77
鄭,44,0.05,4275,0.05,1043.46
昭,67,0.07,5601,0.06,2348.76
忽,14,0.01,1102,0.01,1738.98
鄧,27,0.03,1692,0.02,5936.36
祭,36,0.04,5169,0.06,7947.92
莊,37,0.04,2442,0.03,6007.9
伐,22,0.02,2916,0.03,5077.51
重,102,0.11,10512,0.12,3352.09
耳,51,0.05,3743,0.04,4800.11
厚,56,0.06,4083,0.05,5176.06
通,96,0.1,11898,0.14,8635.1
宇,10,0.01,1183,0.01,2345.23
春,62,0.07,8187,0.09,8437.28
婺,31,0.03,409,0.0,36095.55
孔,24,0.03,2843,0.03,3653.11
越,37,0.04,3702,0.04,1485.19
尹,20,0.02,2962,0.03,6344.83
黑,39,0.04,1615,0.02,15049.6
化,75,0.08,6060,0.07,3356.25
丈,38,0.04,1764,0.02,12660.65
韓,46,0.05,4562,0.05,1478.73
吳,70,0.07,6501,0.07,199.91
廣,93,0.1,11111,0.13,7440.25
狩,6,0.01,433,0.0,1768.43
朝,147,0.16,20618,0.24,15212.09
濟,25,0.03,4518,0.05,10170.96
南,213,0.22,35221,0.4,25693.13
守,139,0.15,19689,0.23,15144.13
除,38,0.04,8634,0.1,17065.39
淮,38,0.04,7022,0.08,12973.0
力,53,0.06,7675,0.09,9833.49
姦,31,0.03,1063,0.01,16773.47
霍,19,0.02,699,0.01,12141.36
光,117,0.12,10934,0.13,458.12
蠶,34,0.04,443,0.01,38101.42
獨,55,0.06,4670,0.05,1786.69
果,22,0.02,2822,0.03,4615.21
異,50,0.05,5698,0.07,4457.59
路,48,0.05,9389,0.11,15830.0
耕,32,0.03,1235,0.01,14892.03
讓,22,0.02,1931,0.02,670.28
畔,8,0.01,412,0.0,4907.03
金,180,0.19,15980,0.18,1467.29
斤,7,0.01,1070,0.01,4008.77
秩,14,0.01,2139,0.02,5664.24
石,69,0.07,10172,0.12,11673.33
殊,17,0.02,1288,0.01,2382.29
鰥,12,0.01,117,0.0,26930.4
寡,33,0.03,1418,0.02,13177.68
孤,46,0.05,1760,0.02,18042.51
帛,88,0.09,1998,0.02,41392.41
僮,9,0.01,270,0.0,10357.83
歌,44,0.05,1798,0.02,16262.85
節,94,0.1,14565,0.17,15105.06
衰,17,0.02,1430,0.02,1107.2
麻,15,0.02,859,0.01,5472.82
喪,57,0.06,3566,0.04,8664.26
紀,48,0.05,2722,0.03,9995.97
鐘,17,0.02,1255,0.01,2699.32
干,15,0.02,901,0.01,4916.47
婚,85,0.09,592,0.01,86086.77
姻,29,0.03,327,0.0,38451.63
冠,58,0.06,3011,0.03,13028.73
笄,6,0.01,48,0.0,21253.9
別,52,0.05,4119,0.05,3217.7
射,23,0.02,4278,0.05,10189.92
鄉,51,0.05,4478,0.05,1013.2
交,41,0.04,5466,0.06,7044.59
接,15,0.02,1638,0.02,1949.65
情,31,0.03,3046,0.03,1061.0
類,18,0.02,2852,0.03,6896.32
終,44,0.05,5591,0.06,6340.01
幼,70,0.07,1564,0.02,37394.95
深,37,0.04,5333,0.06,8128.53
新,55,0.06,6627,0.08,5908.24
進,168,0.18,21474,0.25,12629.94
溺,16,0.02,679,0.01,9331.35
優,20,0.02,1756,0.02,634.98
儒,16,0.02,2759,0.03,7549.41
雜,31,0.03,2130,0.02,4832.0
答,15,0.02,1650,0.02,2033.63
濫,7,0.01,721,0.01,873.18
燕,41,0.04,3356,0.04,2235.9
趣,11,0.01,950,0.01,632.47
害,38,0.04,4165,0.05,3171.44
語,42,0.04,4493,0.05,2867.08
須,59,0.06,2156,0.02,21563.18
萬,210,0.22,24944,0.29,10937.51
變,27,0.03,4907,0.06,10662.09
動,25,0.03,3324,0.04,5459.81
氣,41,0.04,5258,0.06,6297.01
定,85,0.09,16590,0.19,21009.82
綱,19,0.02,1997,0.02,1700.02
基,12,0.01,1243,0.01,1201.24
襲,40,0.04,5036,0.06,5869.53
朔,20,0.02,6273,0.07,17288.09
前,147,0.16,14154,0.16,1584.41
屬,113,0.12,10832,0.12,1249.04
危,39,0.04,2430,0.03,7242.32
晨,6,0.01,964,0.01,4086.19
旱,15,0.02,2172,0.02,5228.8
疾,56,0.06,5633,0.06,1945.53
歲,134,0.14,12373,0.14,78.75
央,5,0.01,239,0.0,4390.17
戊,18,0.02,5267,0.06,15365.01
己,62,0.07,7713,0.09,7026.31
復,153,0.16,26866,0.31,24078.25
還,144,0.15,11999,0.14,3559.65
晝,15,0.02,1390,0.02,67.26
爭,32,0.03,3352,0.04,2149.63
彊,21,0.02,1023,0.01,8730.57
牽,13,0.01,495,0.01,9646.24
楊,53,0.06,5858,0.07,3927.22
州,321,0.34,64750,0.74,42830.65
熒,13,0.01,908,0.01,2953.02
惑,30,0.03,1731,0.02,7615.64
填,36,0.04,760,0.01,28039.19
犯,128,0.14,9471,0.11,7333.81
白,145,0.15,9425,0.11,12446.86
敗,39,0.04,7058,0.08,12732.94
恐,39,0.04,3932,0.05,1665.88
齎,12,0.01,626,0.01,5874.13
置,73,0.08,16929,0.19,24238.39
祝,24,0.03,937,0.01,12717.01
官,322,0.34,42755,0.49,19565.25
巫,39,0.04,491,0.01,41692.4
糧,15,0.02,2750,0.03,8052.27
紡,7,0.01,40,0.0,27300.84
衣,143,0.15,5307,0.06,32983.16
慶,50,0.05,6831,0.08,8302.41
硃,9,0.01,1115,0.01,2638.79
奉,91,0.1,11091,0.13,7928.49
邑,63,0.07,4095,0.05,8201.87
富,60,0.06,2707,0.03,16593.64
邊,43,0.05,7752,0.09,13291.29
卑,21,0.02,1210,0.01,6390.9
梁,41,0.04,4608,0.05,3771.95
桑,24,0.03,917,0.01,13053.18
家,345,0.36,13920,0.16,46315.5
虞,24,0.03,2670,0.03,2737.02
思,52,0.05,6477,0.07,6461.13
連,36,0.04,3667,0.04,1782.92
妹,58,0.06,287,0.0,84233.66
寵,68,0.07,2123,0.02,27380.76
避,24,0.03,2256,0.03,291.87
靈,24,0.03,4134,0.05,9230.23
景,47,0.05,6662,0.08,8813.85
叔,32,0.03,2349,0.03,3798.73
崔,16,0.02,1907,0.02,3055.86
杼,5,0.01,112,0.0,9972.98
咎,8,0.01,975,0.01,2349.15
偃,7,0.01,603,0.01,524.53
筑,5,0.01,81,0.0,12666.74
臺,17,0.02,2859,0.03,7461.16
黨,29,0.03,4137,0.05,7026.99
孟,25,0.03,5261,0.06,12592.64
說,41,0.04,4890,0.06,4905.56
許,100,0.11,7808,0.09,4888.82
臂,8,0.01,384,0.0,5516.87
盟,9,0.01,883,0.01,558.34
墻,6,0.01,173,0.0,8782.76
嗣,61,0.06,5980,0.07,1435.55
佐,17,0.02,2651,0.03,6500.21
船,11,0.01,1270,0.01,2218.95
蕩,7,0.01,627,0.01,219.55
舟,21,0.02,2176,0.02,1593.86
佗,10,0.01,272,0.0,11963.27
免,47,0.05,6013,0.07,6692.86
厲,20,0.02,1340,0.02,4216.39
躍,5,0.01,313,0.0,2561.52
誘,15,0.02,1000,0.01,3708.98
利,66,0.07,7330,0.08,4498.88
完,12,0.01,788,0.01,3473.44
更,60,0.06,5582,0.06,224.94
壽,33,0.03,4571,0.05,6983.35
傅,25,0.03,3600,0.04,6666.69
顛,5,0.01,273,0.0,3481.96
極,35,0.04,4018,0.05,3858.51
斂,19,0.02,1203,0.01,4845.33
福,47,0.05,6020,0.07,6716.82
錫,17,0.02,2029,0.02,3167.01
厥,35,0.04,1632,0.02,12068.97
念,17,0.02,1372,0.02,1611.67
斯,17,0.02,2229,0.03,4328.76
辜,9,0.01,469,0.01,5096.84
雖,54,0.06,6948,0.08,7300.05
疑,24,0.03,3225,0.04,5505.83
心,87,0.09,9420,0.11,4462.01
卿,94,0.1,10414,0.12,5298.94
卜,24,0.03,1119,0.01,9994.92
筮,14,0.01,171,0.0,25451.26
龜,23,0.02,948,0.01,11627.27
逢,5,0.01,1060,0.01,5683.56
吉,41,0.04,4260,0.05,2279.15
逆,39,0.04,2726,0.03,5101.69
凶,8,0.01,1005,0.01,2605.79
夢,14,0.01,1162,0.01,1152.61
唐,46,0.05,4973,0.06,3212.58
穆,17,0.02,1756,0.02,1395.65
辱,31,0.03,894,0.01,19960.84
盾,5,0.01,263,0.0,3735.34
乘,58,0.06,5582,0.06,984.37
侍,123,0.13,17251,0.2,13910.75
窮,16,0.02,1790,0.02,2301.28
反,40,0.04,4906,0.06,5373.98
報,27,0.03,4601,0.05,9616.53
勞,17,0.02,2973,0.03,7962.81
懷,41,0.04,5078,0.06,5628.0
竊,26,0.03,1919,0.02,3341.6
羞,5,0.01,337,0.0,2068.44
蒲,8,0.01,908,0.01,1748.5
獵,8,0.01,658,0.01,947.13
速,22,0.02,1338,0.02,5779.25
偕,18,0.02,1076,0.01,5447.21
隱,9,0.01,2071,0.02,8426.89
丙,21,0.02,5603,0.06,15141.13
午,27,0.03,5215,0.06,11661.02
師,86,0.09,18565,0.21,24138.61
曹,54,0.06,4802,0.06,766.96
負,40,0.04,2146,0.02,10186.3
戮,14,0.01,990,0.01,2927.21
抱,25,0.03,660,0.01,19426.66
癸,37,0.04,5118,0.06,7369.34
丑,27,0.03,4277,0.05,8443.19
亥,27,0.03,4377,0.05,8813.22
忌,23,0.02,1551,0.02,4429.24
稍,16,0.02,2425,0.03,5957.07
望,40,0.04,6560,0.08,10954.75
備,47,0.05,6413,0.07,8023.01
伏,36,0.04,4720,0.05,6299.26
閉,14,0.01,899,0.01,4001.56
斥,9,0.01,1531,0.02,5534.91
句,8,0.01,827,0.01,963.92
踐,7,0.01,723,0.01,894.89
種,29,0.03,1674,0.02,7480.82
宰,24,0.03,4351,0.05,10013.93
忘,9,0.01,1163,0.01,3018.08
稽,15,0.02,1651,0.02,2040.6
恥,8,0.01,851,0.01,1203.76
邪,48,0.05,3049,0.03,7635.19
雍,15,0.02,2481,0.03,6808.63
突,34,0.04,1404,0.02,14103.13
糾,5,0.01,799,0.01,3692.87
川,38,0.04,6326,0.07,10962.82
雪,8,0.01,1194,0.01,4079.15
風,55,0.06,5790,0.07,2928.04
雨,20,0.02,3781,0.04,9731.55
程,17,0.02,1977,0.02,2847.65
腹,10,0.01,785,0.01,1495.18
世,112,0.12,13436,0.15,8295.83
霸,14,0.01,1226,0.01,560.05
胄,6,0.01,866,0.01,3282.7
配,60,0.06,2494,0.03,18575.88
戌,20,0.02,4279,0.05,11501.62
胡,32,0.03,3475,0.04,2754.43
詩,37,0.04,4085,0.05,3260.88
顏,18,0.02,1623,0.02,269.09
犬,6,0.01,451,0.01,1472.71
選,64,0.07,4714,0.05,5292.29
尺,19,0.02,2913,0.03,6645.16
賓,38,0.04,2807,0.03,4024.98
客,55,0.06,3791,0.04,6367.03
舍,66,0.07,5366,0.06,2999.25
狀,28,0.03,2787,0.03,1210.59
貌,14,0.01,569,0.01,9236.72
憐,7,0.01,396,0.0,3836.07
私,54,0.06,4153,0.05,3920.86
媒,11,0.01,69,0.0,32670.78
汙,22,0.02,369,0.0,25941.63
紇,19,0.02,494,0.01,17164.42
合,67,0.07,8877,0.1,8854.05
禱,5,0.01,523,0.01,840.08
尼,30,0.03,462,0.01,32110.34
粥,7,0.01,128,0.0,13765.08
飾,43,0.05,1352,0.02,21619.16
賈,33,0.03,2017,0.02,6992.74
拾,10,0.01,636,0.01,3472.71
司,180,0.19,28680,0.33,22071.59
舞,43,0.05,1839,0.02,15139.49
郊,8,0.01,3124,0.04,13200.37
張,136,0.14,13633,0.16,2914.06
敖,8,0.01,397,0.0,5227.72
固,33,0.03,5075,0.06,8812.79
根,8,0.01,741,0.01,45.36
本,88,0.09,9951,0.11,5698.46
牢,5,0.01,676,0.01,2553.98
薄,21,0.02,1886,0.02,344.37
案,20,0.02,1682,0.02,1203.72
豹,12,0.01,544,0.01,7368.48
徵,33,0.03,2450,0.03,3664.78
代,60,0.06,8248,0.09,9240.26
竇,21,0.02,1114,0.01,7537.45
嫖,6,0.01,14,0.0,37276.16
臧,17,0.02,764,0.01,8881.53
裏,18,0.02,1557,0.02,789.31
號,63,0.07,5000,0.06,3496.44
慮,17,0.02,2166,0.02,3973.47
良,81,0.09,6439,0.07,3921.77
姊,53,0.06,335,0.0,71439.17
捐,5,0.01,406,0.0,833.66
壹,8,0.01,313,0.0,7322.76
倍,8,0.01,1124,0.01,3559.54
倡,24,0.03,463,0.01,24510.14
承,69,0.07,7445,0.09,3887.16
驚,19,0.02,1405,0.02,2832.06
匿,13,0.01,867,0.01,3448.71
仇,18,0.02,1088,0.01,5305.92
浴,5,0.01,117,0.0,9626.4
江,69,0.07,16224,0.19,23942.65
走,28,0.03,3575,0.04,5133.11
賢,85,0.09,7763,0.09,235.89
貞,56,0.06,3921,0.04,6075.44
肖,6,0.01,329,0.0,3782.66
嫉,6,0.01,265,0.0,5408.66
顧,33,0.03,3011,0.03,163.11
活,20,0.02,473,0.01,19085.65
恣,20,0.02,775,0.01,11715.41
豈,44,0.05,3936,0.05,576.14
宿,76,0.08,3450,0.04,18510.13
兄,139,0.15,3582,0.04,46795.88
應,56,0.06,8968,0.1,12413.9
誅,50,0.05,5120,0.06,2211.87
翁,24,0.03,702,0.01,17329.83
近,66,0.07,5389,0.06,2896.53
娥,16,0.02,84,0.0,43010.59
宦,21,0.02,865,0.01,11119.61
充,49,0.05,5299,0.06,3322.31
帷,21,0.02,312,0.0,27514.49
帳,14,0.01,952,0.01,3362.56
狗,16,0.02,370,0.0,17387.66
計,54,0.06,6400,0.07,5491.92
魁,9,0.01,774,0.01,609.47
梧,9,0.01,367,0.0,7374.42
偉,7,0.01,613,0.01,396.0
圖,56,0.06,4883,0.06,1215.21
輒,19,0.02,2727,0.03,5767.96
貧,43,0.05,1627,0.02,17676.95
笑,21,0.02,1102,0.01,7688.42
奈,11,0.01,638,0.01,4559.38
饒,14,0.01,991,0.01,2915.99
執,78,0.08,6372,0.07,3136.0
樊,12,0.01,643,0.01,5591.86
治,48,0.05,10730,0.12,18813.0
勃,8,0.01,677,0.01,709.26
勝,47,0.05,5225,0.06,3816.13
獄,43,0.05,5663,0.06,6973.0
教,64,0.07,4707,0.05,5327.54
沐,14,0.01,547,0.01,9703.51
丹,51,0.05,3505,0.04,6193.3
卻,17,0.02,1323,0.02,2055.1
憲,42,0.04,3270,0.04,3222.3
病,43,0.05,4076,0.05,553.07
薨,10,0.01,5037,0.06,17931.78
載,46,0.05,3713,0.04,2648.62
馳,15,0.02,1972,0.02,4097.09
環,14,0.01,1430,0.02,1142.3
軫,14,0.01,438,0.01,12396.79
媚,7,0.01,301,0.0,6062.97
頃,17,0.02,2192,0.03,4121.22
短,10,0.01,852,0.01,729.73
竟,18,0.02,2509,0.03,5237.69
冀,21,0.02,1740,0.02,1435.03
闕,23,0.02,3805,0.04,8434.74
流,103,0.11,9116,0.1,1201.83
涕,10,0.01,722,0.01,2278.74
尾,65,0.07,1795,0.02,30087.27
柱,6,0.01,1190,0.01,5702.23
塞,26,0.03,3210,0.04,4432.87
卷,163,0.17,20093,0.23,11050.52
儀,93,0.1,7277,0.08,4653.38
商,37,0.04,3456,0.04,248.36
里,79,0.08,8740,0.1,4820.49
尊,27,0.03,3842,0.04,6740.51
質,23,0.02,1953,0.02,1154.56
效,18,0.02,2004,0.02,2379.68
昆,22,0.02,924,0.01,11094.5
純,9,0.01,1473,0.02,5175.92
義,97,0.1,11449,0.13,7241.5
渠,9,0.01,1666,0.02,6328.0
買,15,0.02,1147,0.01,2132.0
燭,24,0.03,700,0.01,17376.75
損,9,0.01,1976,0.02,7966.27
便,19,0.02,4164,0.05,11550.45
肯,9,0.01,1080,0.01,2352.65
甫,23,0.02,2214,0.03,622.63
仕,14,0.01,3444,0.04,11338.04
毀,20,0.02,1651,0.02,1449.51
謝,29,0.03,3645,0.04,4970.33
李,153,0.16,14723,0.17,1594.82
園,23,0.02,1282,0.01,7168.62
持,52,0.05,3771,0.04,5102.85
宜,108,0.11,10543,0.12,1781.01
謁,45,0.05,2135,0.02,13326.25
謹,14,0.01,1933,0.02,4511.53
養,65,0.07,3047,0.03,16316.31
口,81,0.09,6348,0.07,4300.72
頗,16,0.02,2729,0.03,7413.33
幽,18,0.02,1724,0.02,487.7
烈,49,0.05,1743,0.02,20257.49
胤,9,0.01,605,0.01,2798.73
開,50,0.05,9340,0.11,15124.31
脫,15,0.02,970,0.01,4060.83
單,49,0.05,2598,0.03,11525.55
忠,76,0.08,11573,0.13,13115.26
彼,15,0.02,1829,0.02,3222.4
豪,25,0.03,1554,0.02,5833.74
邯,5,0.01,576,0.01,1481.26
容,42,0.04,3667,0.04,1027.51
造,24,0.03,2950,0.03,4194.04
供,28,0.03,2528,0.03,315.01
具,30,0.03,3784,0.04,5113.21
騎,50,0.05,6811,0.08,8239.75
荊,13,0.01,2595,0.03,8468.26
廷,52,0.05,8608,0.1,12700.1
玩,17,0.02,446,0.01,16108.06
青,53,0.06,4700,0.05,819.56
采,53,0.06,1468,0.02,27093.9
娛,5,0.01,174,0.0,6628.98
珠,34,0.04,1041,0.01,19737.1
簪,5,0.01,202,0.0,5562.16
錦,25,0.03,1909,0.02,2773.19
俗,40,0.04,2110,0.02,10511.48
雅,12,0.01,1622,0.02,3954.25
佳,7,0.01,241,0.0,7935.64
窈,7,0.01,24,0.0,34505.03
窕,7,0.01,11,0.0,46230.25
側,21,0.02,914,0.01,10328.47
待,19,0.02,4190,0.05,11638.78
丞,36,0.04,8476,0.1,17312.95
間,86,0.09,6909,0.08,3751.65
奏,91,0.1,14926,0.17,16535.0
婿,86,0.09,370,0.0,109444.05
閻,6,0.01,484,0.01,960.94
劾,17,0.02,3793,0.04,11165.99
賊,138,0.15,13614,0.16,2379.14
移,25,0.03,4492,0.05,10080.44
庸,12,0.01,1367,0.02,2179.3
奴,81,0.09,3032,0.03,24572.93
抵,18,0.02,1837,0.02,1284.54
決,24,0.03,4300,0.05,9832.74
給,59,0.06,9088,0.1,11824.05
追,45,0.05,4989,0.06,3679.48
據,21,0.02,3233,0.04,7044.44
番,13,0.01,1781,0.02,4262.46
悔,11,0.01,833,0.01,1921.12
詐,10,0.01,1024,0.01,988.95
蒼,21,0.02,1024,0.01,8716.82
齒,10,0.01,745,0.01,1984.74
乳,28,0.03,323,0.0,37269.02
潁,11,0.01,1022,0.01,83.19
詔,125,0.13,23173,0.27,23663.97
雄,17,0.02,2346,0.03,4965.12
騷,5,0.01,338,0.0,2048.71
搖,6,0.01,629,0.01,936.45
農,21,0.02,2408,0.03,2972.65
釋,20,0.02,2715,0.03,5163.37
工,55,0.06,4580,0.05,2213.11
機,13,0.01,2345,0.03,7312.47
陛,61,0.06,7510,0.09,6725.79
蠻,18,0.02,2747,0.03,6408.02
慕,11,0.01,764,0.01,2771.78
閼,11,0.01,187,0.0,18172.16
唯,25,0.03,1989,0.02,2165.9
匈,23,0.02,2073,0.02,309.88
脈,5,0.01,369,0.0,1465.95
豎,8,0.01,310,0.0,7409.28
才,49,0.05,4704,0.05,852.76
痛,7,0.01,858,0.01,2242.5
寒,19,0.02,1316,0.02,3678.71
醫,17,0.02,1177,0.01,3484.61
切,20,0.02,2295,0.03,2910.67
篤,12,0.01,916,0.01,1924.79
擁,7,0.01,827,0.01,1951.62
屏,14,0.01,886,0.01,4164.45
堂,54,0.06,3451,0.04,7965.25
羅,59,0.06,3367,0.04,10936.23
列,71,0.07,4294,0.05,10525.43
賀,28,0.03,2780,0.03,1171.22
汝,65,0.07,6665,0.08,2554.41
識,13,0.01,1698,0.02,3743.64
直,75,0.08,10240,0.12,10153.7
錢,72,0.08,8394,0.1,5925.42
體,26,0.03,2829,0.03,2512.52
遲,6,0.01,931,0.01,3823.91
壯,16,0.02,1637,0.02,1240.85
冒,11,0.01,1078,0.01,606.16
頓,15,0.02,1077,0.01,2854.78
鄰,12,0.01,844,0.01,2765.62
患,15,0.02,2906,0.03,8727.67
繒,8,0.01,295,0.0,7857.1
米,14,0.01,2039,0.02,5117.52
裨,5,0.01,476,0.01,217.03
孺,5,0.01,634,0.01,2122.44
輕,11,0.01,3345,0.04,12456.57
校,41,0.04,6890,0.08,11574.65
尉,94,0.1,7286,0.08,4949.76
畜,33,0.03,891,0.01,21877.83
幕,6,0.01,745,0.01,2170.95
轉,27,0.03,7082,0.08,16869.02
輸,19,0.02,2046,0.02,2013.43
樹,19,0.02,1037,0.01,6792.99
嘉,41,0.04,8049,0.09,14703.3
族,89,0.09,2685,0.03,32400.15
卓,15,0.02,998,0.01,3732.08
挑,5,0.01,232,0.0,4595.23
材,8,0.01,1448,0.02,5766.3
忍,16,0.02,1120,0.01,3249.97
曼,5,0.01,161,0.0,7195.87
纖,5,0.01,215,0.0,5124.12
縠,6,0.01,55,0.0,19719.94
積,33,0.03,3989,0.05,4630.99
委,18,0.02,2233,0.03,3749.14
郁,8,0.01,363,0.0,6008.22
穀,31,0.03,2017,0.02,5736.21
揚,24,0.03,2952,0.03,4203.98
削,11,0.01,1515,0.02,3973.91
扶,21,0.02,1154,0.01,7046.95
猗,5,0.01,88,0.0,11956.11
靡,13,0.01,986,0.01,2071.74
蘭,14,0.01,1315,0.02,214.51
蓋,39,0.04,3625,0.04,164.54
錯,10,0.01,737,0.01,2085.92
翠,6,0.01,307,0.0,4298.13
綏,6,0.01,1113,0.01,5182.82
仙,22,0.02,1293,0.01,6261.3
佛,15,0.02,780,0.01,6605.29
落,24,0.03,1906,0.02,2148.25
仁,70,0.07,7125,0.08,2468.3
頻,8,0.01,535,0.01,2682.29
並,138,0.15,12685,0.15,76.71
閭,14,0.01,547,0.01,9703.51
檀,5,0.01,226,0.0,4776.68
木,42,0.04,3481,0.04,2024.14
豫,17,0.02,1778,0.02,1547.77
條,21,0.02,2290,0.03,2287.95
葉,11,0.01,1498,0.02,3860.8
茂,17,0.02,1974,0.02,2828.99
倚,18,0.02,967,0.01,6815.39
累,23,0.02,5133,0.06,12992.77
衡,17,0.02,2433,0.03,5420.15
英,34,0.04,3782,0.04,3255.62
幡,6,0.01,233,0.0,6399.87
紛,6,0.01,651,0.01,1186.23
蕭,13,0.01,1711,0.02,3826.39
管,20,0.02,4203,0.05,11242.63
歎,15,0.02,852,0.01,5568.43
晚,7,0.01,631,0.01,169.86
排,5,0.01,760,0.01,3349.49
附,30,0.03,3166,0.04,2202.33
慧,5,0.01,159,0.0,7287.93
遷,43,0.05,13116,0.15,24712.77
擅,12,0.01,1151,0.01,413.03
權,60,0.06,7211,0.08,6111.99
侵,9,0.01,2226,0.03,9144.14
宅,23,0.02,1103,0.01,9368.07
妄,14,0.01,1306,0.01,138.58
振,17,0.02,3192,0.04,8882.86
資,35,0.04,3344,0.04,637.17
補,15,0.02,3488,0.04,11013.36
舒,12,0.01,1337,0.02,1950.63
爽,7,0.01,420,0.0,3367.32
學,59,0.06,17214,0.2,27759.06
讎,8,0.01,381,0.0,5585.17
烏,27,0.03,2124,0.02,2424.42
議,46,0.05,15069,0.17,27284.43
納,118,0.12,4587,0.05,28353.63
聘,55,0.06,535,0.01,57733.01
匹,22,0.02,1776,0.02,1829.79
延,53,0.06,6026,0.07,4539.59
永,78,0.08,9233,0.11,6568.87
巷,7,0.01,303,0.0,6008.23
投,36,0.04,1285,0.01,17296.26
墮,9,0.01,387,0.0,6874.8
髡,8,0.01,133,0.0,15739.39
斗,22,0.02,1446,0.02,4690.34
醉,6,0.01,419,0.0,2007.46
參,27,0.03,7535,0.09,17968.99
暮,7,0.01,494,0.01,2085.68
履,13,0.01,1040,0.01,1502.97
杯,9,0.01,353,0.0,7743.36
盤,6,0.01,722,0.01,1941.19
狼,7,0.01,613,0.01,396.0
藉,7,0.01,648,0.01,37.9
解,26,0.03,4634,0.05,10150.79
歡,6,0.01,743,0.01,2151.23
索,30,0.03,1220,0.01,13511.58
河,106,0.11,22071,0.25,25602.0
娉,7,0.01,11,0.0,46230.25
綺,12,0.01,423,0.0,10125.66
絳,8,0.01,1289,0.01,4743.24
浮,13,0.01,1395,0.02,1627.91
遠,51,0.05,7037,0.08,8599.08
逃,21,0.02,1237,0.01,6086.38
嫗,6,0.01,75,0.0,16425.47
享,5,0.01,1881,0.02,10121.53
掌,68,0.07,3799,0.04,12270.47
講,15,0.02,3008,0.03,9153.35
精,22,0.02,2736,0.03,4179.79
妙,10,0.01,328,0.0,9984.87
賦,26,0.03,3151,0.04,4149.87
盈,16,0.02,1367,0.02,890.18
沒,97,0.1,3403,0.04,28945.23
論,40,0.04,9993,0.11,19498.11
鹵,6,0.01,444,0.01,1586.23
勸,21,0.02,1918,0.02,116.63
巧,10,0.01,597,0.01,4072.37
魚,18,0.02,1499,0.02,1265.08
鹽,18,0.02,4128,0.05,11871.63
清,48,0.05,7877,0.09,12014.83
鳴,6,0.01,1137,0.01,5347.8
遍,6,0.01,583,0.01,385.81
設,62,0.07,4905,0.06,3542.68
招,20,0.02,3257,0.04,7647.5
擇,24,0.03,1867,0.02,2447.83
築,16,0.02,2248,0.03,5034.27
亞,8,0.01,714,0.01,264.74
范,13,0.01,1770,0.02,4194.96
增,12,0.01,4355,0.05,15219.49
貪,18,0.02,1285,0.01,3199.6
算,6,0.01,1403,0.02,7009.64
京,85,0.09,17084,0.2,21873.67
贊,36,0.04,2725,0.03,3483.51
罕,18,0.02,1021,0.01,6117.52
務,20,0.02,4689,0.05,12839.04
稼,7,0.01,647,0.01,25.83
滋,6,0.01,712,0.01,1839.18
﻿,7,0.01,524,0.01,1623.05
雕,6,0.01,335,0.0,3648.7
刻,13,0.01,2309,0.03,7137.71
纂,9,0.01,456,0.01,5354.14
組,6,0.01,139,0.0,10631.97
紅,24,0.03,1107,0.01,10158.22
飢,6,0.01,574,0.01,273.15
幣,13,0.01,1543,0.02,2709.65
賂,19,0.02,776,0.01,10693.39
加,60,0.06,12837,0.15,19931.11
盜,43,0.05,4012,0.05,246.35
監,52,0.05,10526,0.12,17266.37
蠱,5,0.01,184,0.0,6226.15
郡,127,0.13,13525,0.15,4837.7
邸,6,0.01,771,0.01,2422.95
恩,60,0.06,5865,0.07,1357.53
暴,17,0.02,1915,0.02,2456.46
依,18,0.02,3630,0.04,10103.81
顯,38,0.04,3339,0.04,861.16
淳,15,0.02,2182,0.03,5282.92
衍,14,0.01,1028,0.01,2509.06
藥,27,0.03,1638,0.02,6441.38
毒,7,0.01,706,0.01,708.48
廟,25,0.03,7406,0.08,18324.94
勤,14,0.01,1826,0.02,3868.88
郎,83,0.09,20896,0.24,28339.84
鳳,27,0.03,3711,0.04,6194.41
甘,14,0.01,2041,0.02,5128.68
露,10,0.01,1081,0.01,1496.78
集,30,0.03,8058,0.09,18224.34
雲,80,0.08,7150,0.08,800.52
弓,25,0.03,1425,0.02,7136.01
橫,17,0.02,2222,0.03,4289.74
掖,48,0.05,697,0.01,42230.26
鉤,12,0.01,447,0.01,9510.75
奢,22,0.02,594,0.01,17862.86
侈,11,0.01,493,0.01,7172.42
逸,7,0.01,1045,0.01,3817.59
第,145,0.15,8154,0.09,17684.28
婢,41,0.04,418,0.0,48516.43
埋,6,0.01,233,0.0,6399.87
難,39,0.04,4948,0.06,5939.71
莽,27,0.03,1586,0.02,6945.04
全,43,0.05,4274,0.05,1472.95
苛,5,0.01,502,0.01,568.7
拘,7,0.01,692,0.01,551.68
繫,21,0.02,908,0.01,10422.68
敕,25,0.03,3902,0.04,7896.88
攝,10,0.01,1364,0.02,3696.39
狡,5,0.01,215,0.0,5124.12
憂,67,0.07,3524,0.04,13677.6
折,11,0.01,2177,0.02,7698.65
賴,6,0.01,1072,0.01,4894.02
笞,5,0.01,401,0.0,915.56
首,81,0.09,7057,0.08,1483.95
鬼,24,0.03,1173,0.01,9283.91
薪,9,0.01,394,0.0,6706.93
巳,27,0.03,4491,0.05,9226.31
征,18,0.02,5551,0.06,16146.31
衞,6,0.01,532,0.01,276.71
詛,5,0.01,125,0.0,9108.4
岑,11,0.01,507,0.01,6884.49
欽,18,0.02,2156,0.02,3303.87
媧,5,0.01,12,0.0,33668.04
潰,5,0.01,1249,0.01,6889.44
尋,14,0.01,5301,0.06,17030.46
詠,7,0.01,479,0.01,2328.17
術,26,0.03,2545,0.03,914.22
端,19,0.02,3768,0.04,10147.46
貫,24,0.03,2485,0.03,1693.1
指,48,0.05,6172,0.07,6868.76
度,182,0.19,18238,0.21,3358.44
枵,5,0.01,34,0.0,21138.44
冬,25,0.03,4784,0.05,11073.05
歷,33,0.03,5496,0.06,10223.34
旦,16,0.02,2351,0.03,5578.73
困,7,0.01,1467,0.02,6626.68
敦,14,0.01,983,0.01,3006.07
性,19,0.02,2707,0.03,5670.53
溫,15,0.02,2477,0.03,6789.3
寬,10,0.01,2232,0.03,8566.97
剛,7,0.01,1198,0.01,4930.97
虐,9,0.01,502,0.01,4477.79
辛,36,0.04,5750,0.07,9902.82
泉,25,0.03,2431,0.03,798.76
昏,12,0.01,695,0.01,4777.14
草,20,0.02,2448,0.03,3772.14
施,21,0.02,2244,0.03,2011.94
頌,8,0.01,845,0.01,1144.41
稷,13,0.01,1836,0.02,4594.42
任,40,0.04,8079,0.09,15096.62
虎,30,0.03,2018,0.02,5099.4
隸,20,0.02,3281,0.04,7748.94
忿,8,0.01,454,0.01,4074.03
枉,6,0.01,499,0.01,740.02
雞,11,0.01,682,0.01,3895.07
貳,11,0.01,831,0.01,1944.72
肅,31,0.03,3303,0.04,2396.83
聰,10,0.01,719,0.01,2317.81
谷,31,0.03,2222,0.03,4132.51
紫,21,0.02,2070,0.02,916.38
壇,12,0.01,1593,0.02,3765.8
鸞,9,0.01,686,0.01,1679.83
寓,7,0.01,507,0.01,1881.7
龍,40,0.04,8506,0.1,16144.95
偽,19,0.02,1702,0.02,360.66
萊,7,0.01,691,0.01,540.36
冥,8,0.01,296,0.0,7826.42
蓬,6,0.01,312,0.0,4177.44
尤,23,0.02,2646,0.03,3157.89
徑,5,0.01,939,0.01,4818.12
恨,9,0.01,911,0.01,835.44
鉅,6,0.01,467,0.01,1219.94
候,20,0.02,2624,0.03,4703.75
酉,32,0.03,4484,0.05,7074.63
占,25,0.03,1495,0.02,6414.17
孛,9,0.01,440,0.01,5682.35
震,19,0.02,3617,0.04,9580.9
災,24,0.03,2699,0.03,2894.4
易,49,0.05,7214,0.08,9807.11
坎,7,0.01,165,0.0,11322.03
壬,30,0.03,5246,0.06,10577.81
寅,19,0.02,4980,0.06,14138.47
董,23,0.02,1678,0.02,3307.79
嚴,33,0.03,4149,0.05,5307.34
府,101,0.11,19591,0.22,22707.75
夾,8,0.01,876,0.01,1446.81
迷,9,0.01,298,0.0,9379.72
赤,47,0.05,3635,0.04,3543.88
毛,17,0.02,1145,0.01,3822.76
妖,12,0.01,794,0.01,3395.09
盛,56,0.06,3471,0.04,8796.33
暑,5,0.01,504,0.01,595.02
孽,6,0.01,319,0.0,4012.06
茲,18,0.02,1298,0.01,3072.86
禍,28,0.03,2390,0.03,1192.38
寇,36,0.04,5495,0.06,9067.08
蛇,12,0.01,393,0.0,10955.25
祥,18,0.02,2730,0.03,6327.45
記,20,0.02,2824,0.03,5696.05
棺,7,0.01,355,0.0,4714.28
頭,47,0.05,2772,0.03,9080.32
覺,9,0.01,1094,0.01,2468.12
卯,26,0.03,4605,0.05,10050.61
乙,30,0.03,5834,0.07,12410.59
步,17,0.02,3008,0.03,8113.57
芒,6,0.01,396,0.0,2419.06
奸,21,0.02,2328,0.03,2512.01
叛,14,0.01,2652,0.03,8165.15
藪,9,0.01,98,0.0,21870.57
區,6,0.01,878,0.01,3385.24
湖,17,0.02,5043,0.06,15128.88
竹,6,0.01,916,0.01,3702.02
稻,5,0.01,222,0.0,4900.73
銀,28,0.03,3484,0.04,4723.92
革,16,0.02,2019,0.02,3738.93
雒,5,0.01,522,0.01,827.4
波,8,0.01,649,0.01,1062.25
漆,8,0.01,323,0.0,7041.22
絲,7,0.01,530,0.01,1533.84
擾,10,0.01,1347,0.02,3576.66
浸,7,0.01,599,0.01,576.53
盧,21,0.02,1954,0.02,135.13
洛,18,0.02,2324,0.03,4257.53
漳,5,0.01,649,0.01,2279.46
汾,5,0.01,700,0.01,2789.84
松,10,0.01,1488,0.02,4531.57
恆,7,0.01,758,0.01,1265.76
祁,7,0.01,510,0.01,1835.41
輿,34,0.04,1962,0.02,8105.78
強,42,0.04,2967,0.03,5090.1
細,12,0.01,810,0.01,3189.2
沮,5,0.01,788,0.01,3597.52
潘,5,0.01,854,0.01,4153.41
寧,79,0.08,10069,0.12,8578.71
祈,9,0.01,727,0.01,1164.72
險,7,0.01,1626,0.02,7513.48
汲,5,0.01,393,0.0,1048.81
亟,10,0.01,1054,0.01,1259.51
秉,7,0.01,1332,0.02,5810.99
恂,5,0.01,336,0.0,2088.22
伊,7,0.01,858,0.01,2242.5
彈,6,0.01,458,0.01,1361.0
勇,16,0.02,2460,0.03,6132.5
猶,32,0.03,4127,0.05,5658.53
夕,10,0.01,1556,0.02,4963.87
浪,6,0.01,387,0.0,2587.08
鮮,12,0.01,1178,0.01,650.52
償,6,0.01,538,0.01,195.58
姑,72,0.08,1147,0.01,48622.93
濮,5,0.01,713,0.01,2914.6
阻,7,0.01,942,0.01,2984.76
遊,28,0.03,2543,0.03,222.53
略,48,0.05,4344,0.05,363.96
係,9,0.01,478,0.01,4923.33
嘗,65,0.07,7020,0.08,3795.21
助,20,0.02,1968,0.02,871.26
畏,21,0.02,1962,0.02,190.45
採,5,0.01,638,0.01,2164.64
篇,12,0.01,1530,0.02,3345.46
脩,8,0.01,460,0.01,3962.01
秋,31,0.03,6450,0.07,13819.82
縱,38,0.04,2173,0.02,8738.24
智,12,0.01,1803,0.02,5066.72
劍,10,0.01,1534,0.02,4825.84
率,53,0.06,8234,0.09,11397.34
差,12,0.01,5447,0.06,18187.99
斃,6,0.01,302,0.0,4421.03
訴,18,0.02,921,0.01,7444.84
屈,17,0.02,1490,0.02,606.65
縊,20,0.02,292,0.0,27161.86
戾,5,0.01,393,0.0,1048.81
覆,9,0.01,2192,0.03,8990.2
陷,26,0.03,3534,0.04,5907.05
懼,29,0.03,2976,0.03,1718.64
刺,55,0.06,6944,0.08,6945.94
荒,9,0.01,1071,0.01,2277.69
舅,25,0.03,565,0.01,22142.46
愚,6,0.01,1692,0.02,8555.8
倫,15,0.02,1447,0.02,527.25
麗,30,0.03,1262,0.01,12928.59
救,16,0.02,3059,0.04,8846.14
墳,7,0.01,429,0.0,3199.01
墓,20,0.02,829,0.01,10763.26
拔,15,0.02,1933,0.02,3864.43
畫,12,0.01,1590,0.02,3746.13
仰,9,0.01,1165,0.01,3033.57
調,9,0.01,3264,0.04,13172.0
存,29,0.03,2937,0.03,1508.27
坑,6,0.01,304,0.0,4371.6
歙,7,0.01,379,0.0,4187.38
侄,30,0.03,347,0.0,38514.82
隆,29,0.03,3480,0.04,4223.72
淑,24,0.03,475,0.01,24047.42
跡,51,0.05,2117,0.02,17156.47
覽,9,0.01,1088,0.01,2418.8
符,19,0.02,2866,0.03,6428.24
驗,9,0.01,1402,0.02,4719.61
乞,20,0.02,5182,0.06,14331.56
抑,11,0.01,1149,0.01,1232.41
躬,13,0.01,1409,0.02,1734.77
儉,15,0.02,1366,0.02,132.02
輦,14,0.01,751,0.01,6027.32
膳,8,0.01,654,0.01,998.09
省,19,0.02,7280,0.08,20036.01
習,23,0.02,2515,0.03,2433.61
規,13,0.01,1409,0.02,1734.77
奮,6,0.01,1083,0.01,4972.4
饋,8,0.01,606,0.01,1635.8
弘,23,0.02,3961,0.05,9032.97
敞,6,0.01,464,0.01,1266.64
閱,9,0.01,1449,0.02,5023.84
跪,17,0.02,711,0.01,9806.97
字,42,0.04,8164,0.09,14677.28
餉,5,0.01,1180,0.01,6466.88
辭,34,0.04,5187,0.06,8802.1
諭,18,0.02,4082,0.05,11715.66
鬥,29,0.03,1246,0.01,12354.76
亭,23,0.02,1738,0.02,2808.5
遙,6,0.01,548,0.01,62.34
瑁,5,0.01,128,0.0,8924.59
雷,8,0.01,1567,0.02,6472.14
惲,5,0.01,250,0.0,4081.28
桀,7,0.01,515,0.01,1758.88
結,56,0.06,2621,0.03,15180.46
椒,8,0.01,192,0.0,11924.57
專,23,0.02,3085,0.04,5363.51
壻,13,0.01,16,0.0,67895.32
徙,17,0.02,4807,0.06,14442.62
遼,25,0.03,2582,0.03,1690.53
散,24,0.03,3556,0.04,6957.37
屯,17,0.02,4150,0.05,12388.87
印,19,0.02,2299,0.03,3526.65
綬,10,0.01,958,0.01,365.66
馮,20,0.02,1526,0.02,2490.77
翊,7,0.01,989,0.01,3374.34
溢,10,0.01,1081,0.01,1496.78
支,18,0.02,2924,0.03,7222.26
牆,8,0.01,260,0.0,9015.97
苑,14,0.01,1192,0.01,870.86
囿,7,0.01,139,0.0,12954.69
什,5,0.01,394,0.0,1032.0
稅,14,0.01,2581,0.03,7844.72
戍,11,0.01,2095,0.02,7294.09
役,53,0.06,3397,0.04,7827.58
貢,42,0.04,5694,0.07,7457.95
循,6,0.01,1503,0.02,7570.06
曠,9,0.01,513,0.01,4281.38
佞,6,0.01,538,0.01,195.58
驅,22,0.02,1039,0.01,9383.55
責,26,0.03,3491,0.04,5718.63
租,13,0.01,1391,0.02,1597.2
遮,11,0.01,350,0.0,10803.62
劫,16,0.02,1046,0.01,4063.96
隴,8,0.01,1466,0.02,5876.07
籍,24,0.03,3916,0.04,8407.12
樞,14,0.01,5169,0.06,16678.32
翼,19,0.02,1864,0.02,810.52
欺,5,0.01,847,0.01,4096.22
乾,19,0.02,3708,0.04,9924.6
兆,17,0.02,1729,0.02,1206.44
繼,51,0.05,5249,0.06,2341.38
假,11,0.01,2012,0.02,6871.1
改,29,0.03,13795,0.16,29297.27
考,14,0.01,4474,0.05,14711.58
觸,5,0.01,331,0.0,2188.11
傾,22,0.02,1011,0.01,9779.44
款,7,0.01,730,0.01,970.42
媛,7,0.01,41,0.0,26970.3
崇,52,0.05,10426,0.12,17045.99
拜,84,0.09,8766,0.1,3381.77
閨,5,0.01,114,0.0,9832.09
援,20,0.02,2821,0.03,5681.63
婕,12,0.01,130,0.0,25330.53
妤,12,0.01,129,0.0,25446.25
耿,6,0.01,607,0.01,678.14
俊,20,0.02,2554,0.03,4340.27
示,12,0.01,2055,0.02,6463.22
庭,63,0.07,2450,0.03,20704.57
詭,6,0.01,450,0.01,1488.81
罔,5,0.01,777,0.01,3501.01
韋,28,0.03,1678,0.02,6754.05
遭,9,0.01,942,0.01,1132.78
測,6,0.01,876,0.01,3368.24
恭,38,0.04,3659,0.04,805.79
獲,56,0.06,4021,0.05,5515.78
祐,15,0.02,3405,0.04,10706.9
紹,27,0.03,4197,0.05,8141.75
脅,12,0.01,636,0.01,5707.07
慰,8,0.01,1794,0.02,7705.7
蕃,31,0.03,3381,0.04,2782.56
訖,18,0.02,1060,0.01,5638.28
班,21,0.02,3646,0.04,8746.87
灼,6,0.01,228,0.0,6569.02
量,12,0.01,1503,0.02,3160.47
空,20,0.02,2666,0.03,4917.64
諫,16,0.02,5392,0.06,16491.0
耽,6,0.01,176,0.0,8641.27
虙,5,0.01,26,0.0,24154.21
鴆,5,0.01,97,0.0,11140.71
奚,12,0.01,404,0.0,10642.56
醴,8,0.01,468,0.01,3815.11
巢,11,0.01,914,0.01,1010.94
麟,8,0.01,1243,0.01,4427.19
棲,5,0.01,267,0.0,3632.73
潛,14,0.01,1901,0.02,4322.76
暗,5,0.01,259,0.0,3839.71
謙,12,0.01,1643,0.02,4088.83
穴,7,0.01,417,0.0,3424.29
窺,7,0.01,573,0.01,923.39
雀,5,0.01,214,0.0,5156.72
輟,7,0.01,466,0.01,2544.91
違,12,0.01,1715,0.02,4538.87
儲,6,0.01,1395,0.02,6963.48
禦,37,0.04,4674,0.05,5706.4
矜,10,0.01,556,0.01,4750.55
帥,17,0.02,4574,0.05,13740.04
輩,15,0.02,1359,0.02,190.79
推,18,0.02,4385,0.05,12718.88
宴,27,0.03,2071,0.02,2812.93
薦,9,0.01,4478,0.05,16860.03
駙,32,0.03,430,0.0,36249.63
冊,46,0.05,2483,0.03,10798.22
柔,10,0.01,727,0.01,2214.01
黜,10,0.01,1375,0.02,3773.16
囊,8,0.01,370,0.0,5840.92
牙,12,0.01,1207,0.01,899.77
陶,12,0.01,1215,0.01,967.51
酋,15,0.02,907,0.01,4839.3
域,10,0.01,988,0.01,653.99
墨,5,0.01,640,0.01,2185.65
陸,14,0.01,2016,0.02,4988.45
束,16,0.02,844,0.01,6647.56
境,13,0.01,2086,0.02,6000.9
屢,7,0.01,2193,0.03,10214.5
耆,8,0.01,590,0.01,1860.0
閔,5,0.01,584,0.01,1573.17
刀,11,0.01,1179,0.01,1485.89
護,16,0.02,2894,0.03,8146.78
館,8,0.01,2585,0.03,11231.36
諱,10,0.01,612,0.01,3836.85
燈,12,0.01,253,0.0,16204.46
巡,15,0.02,6813,0.08,20345.96
感,15,0.02,1930,0.02,3846.36
稚,11,0.01,143,0.0,21702.38
歐,7,0.01,512,0.01,1804.7
末,17,0.02,3129,0.04,8623.71
似,5,0.01,1076,0.01,5791.94
鏡,6,0.01,209,0.0,7254.1
曉,6,0.01,756,0.01,2278.53
偏,7,0.01,994,0.01,3414.81
兼,16,0.02,10674,0.12,27550.45
授,75,0.08,9507,0.11,8216.13
綠,6,0.01,335,0.0,3648.7
柄,10,0.01,731,0.01,2162.55
浦,11,0.01,936,0.01,777.9
譚,5,0.01,591,0.01,1652.63
羌,13,0.01,1740,0.02,4008.96
況,22,0.02,1685,0.02,2559.52
漸,14,0.01,1780,0.02,3582.07
洞,5,0.01,1164,0.01,6366.17
閣,26,0.03,6056,0.07,14530.02
彌,14,0.01,1237,0.01,461.34
簿,23,0.02,2046,0.02,495.59
蔽,8,0.01,805,0.01,738.11
僭,13,0.01,666,0.01,6313.02
壞,10,0.01,1681,0.02,5717.6
飛,10,0.01,2146,0.02,8162.94
媵,7,0.01,56,0.0,22956.85
詣,36,0.04,3417,0.04,529.59
統,17,0.02,5051,0.06,15151.72
託,6,0.01,535,0.01,236.03
斷,29,0.03,2431,0.03,1501.15
憚,8,0.01,776,0.01,431.14
冤,15,0.02,893,0.01,5020.23
迫,6,0.01,816,0.01,2841.4
訟,18,0.02,977,0.01,6682.95
緦,7,0.01,98,0.0,16514.04
瓜,8,0.01,400,0.0,5162.5
染,8,0.01,209,0.0,11090.86
捷,7,0.01,1412,0.02,6302.03
鐵,5,0.01,2083,0.02,10987.64
髮,15,0.02,304,0.0,18674.01
杜,21,0.02,2214,0.03,1829.01
巨,14,0.01,985,0.01,2983.47
萌,10,0.01,378,0.0,8533.9
璽,11,0.01,808,0.01,2220.54
挾,12,0.01,759,0.01,3861.35
旗,46,0.05,1890,0.02,16512.01
貲,11,0.01,448,0.01,8165.73
睹,5,0.01,322,0.0,2372.02
募,15,0.02,1884,0.02,3565.99
減,17,0.02,5286,0.06,15811.25
庚,24,0.03,5335,0.06,13209.04
半,23,0.02,3713,0.04,8072.07
乏,9,0.01,898,0.01,707.83
表,38,0.04,5111,0.06,6946.06
肆,12,0.01,975,0.01,1285.24
賣,17,0.02,816,0.01,8042.35
嬪,21,0.02,183,0.0,37948.0
寢,12,0.01,1610,0.02,3876.64
升,47,0.05,4907,0.06,2538.22
冢,5,0.01,315,0.0,2518.91
姿,6,0.01,202,0.0,7525.33
策,20,0.02,4245,0.05,11386.21
真,137,0.14,4403,0.05,37749.53
憤,9,0.01,870,0.01,426.76
例,10,0.01,2244,0.03,8622.36
訓,30,0.03,2200,0.03,3694.21
賁,8,0.01,472,0.01,3742.69
懿,18,0.02,1344,0.02,2634.81
猛,18,0.02,761,0.01,9947.56
熹,11,0.01,847,0.01,1757.48
香,25,0.03,1266,0.01,8932.03
沈,22,0.02,1615,0.02,3149.07
操,16,0.02,1511,0.02,293.19
特,34,0.04,3993,0.05,4198.32
臚,10,0.01,547,0.01,4906.78
璜,7,0.01,183,0.0,10368.32
浚,12,0.01,2313,0.03,7750.05
堅,15,0.02,1859,0.02,3410.97
庫,14,0.01,2300,0.03,6499.47
舊,38,0.04,8129,0.09,15854.66
掘,6,0.01,214,0.0,7066.88
彩,16,0.02,663,0.01,9630.65
縛,8,0.01,558,0.01,2328.07
屍,20,0.02,770,0.01,11807.47
掩,12,0.01,1099,0.01,60.19
鎮,31,0.03,9061,0.1,20147.13
譖,8,0.01,324,0.0,7013.62
掠,90,0.1,2091,0.02,41085.76
勛,11,0.01,1044,0.01,291.92
矯,6,0.01,611,0.01,725.77
嶺,10,0.01,1762,0.02,6180.89
臥,10,0.01,575,0.01,4429.69
殆,8,0.01,748,0.01,123.93
饑,32,0.03,1803,0.02,8271.43
跣,6,0.01,95,0.0,14093.77
眉,5,0.01,515,0.01,737.96
赴,38,0.04,3415,0.04,451.35
包,8,0.01,424,0.0,4659.75
住,6,0.01,621,0.01,843.54
悍,7,0.01,363,0.0,4534.35
井,41,0.04,2126,0.02,10976.24
嫡,14,0.01,1240,0.01,434.58
畢,36,0.04,3018,0.03,1671.38
誕,7,0.01,580,0.01,828.46
育,19,0.02,695,0.01,12221.64
血,9,0.01,896,0.01,688.03
蒙,22,0.02,2324,0.03,1899.44
伎,6,0.01,202,0.0,7525.33
彬,15,0.02,756,0.01,6974.77
希,14,0.01,6177,0.07,19226.65
甞,6,0.01,112,0.0,12554.84
疆,5,0.01,1012,0.01,5350.35
擬,12,0.01,1015,0.01,873.72
﹑,5,0.01,374,0.0,1376.77
崖,11,0.01,655,0.01,4296.98
蔭,5,0.01,729,0.01,3065.41
芳,8,0.01,1019,0.01,2723.15
堤,5,0.01,1314,0.02,7271.41
吹,8,0.01,435,0.0,4439.81
激,5,0.01,1024,0.01,5434.83
翔,6,0.01,1059,0.01,4800.53
匏,5,0.01,102,0.0,10727.73
恃,12,0.01,982,0.01,1212.0
逾,17,0.02,1758,0.02,1409.56
製,10,0.01,2276,0.03,8768.94
妓,33,0.03,101,0.0,78564.67
閏,6,0.01,1559,0.02,7871.48
刃,17,0.02,594,0.01,12169.45
閹,5,0.01,206,0.0,5423.98
緣,8,0.01,1586,0.02,6580.73
運,16,0.02,6357,0.07,18933.85
竭,6,0.01,789,0.01,2592.92
邵,8,0.01,969,0.01,2296.95
超,8,0.01,1438,0.02,5704.82
牒,11,0.01,749,0.01,2967.37
紈,5,0.01,87,0.0,12053.17
葛,7,0.01,997,0.01,3439.0
銳,9,0.01,1134,0.01,2790.68
鄙,8,0.01,563,0.01,2253.11
鞍,5,0.01,410,0.0,768.87
克,19,0.02,3672,0.04,9789.46
埶,5,0.01,183,0.0,6265.25
員,19,0.02,5523,0.06,15686.11
回,37,0.04,2720,0.03,4058.49
亢,10,0.01,550,0.01,4854.39
慢,17,0.02,654,0.01,10895.91
醜,7,0.01,366,0.0,4468.01
讀,10,0.01,2554,0.03,9979.13
恚,5,0.01,235,0.0,4506.5
贈,29,0.03,4936,0.06,9946.82
謚,5,0.01,1630,0.02,8949.59
界,12,0.01,2340,0.03,7877.74
球,12,0.01,562,0.01,7019.55
逋,6,0.01,646,0.01,1130.18
畝,5,0.01,692,0.01,2712.04
洪,22,0.02,5569,0.06,14663.62
鼎,6,0.01,2258,0.03,11091.06
冰,6,0.01,442,0.01,1619.0
岳,6,0.01,792,0.01,2620.9
融,7,0.01,1086,0.01,4129.08
湘,7,0.01,536,0.01,1445.66
紗,6,0.01,356,0.0,3199.75
注,8,0.01,2306,0.03,10094.08
幹,12,0.01,1803,0.02,5066.72
含,5,0.01,524,0.01,852.74
誨,6,0.01,409,0.0,2183.4
敘,10,0.01,1037,0.01,1107.11
歿,7,0.01,622,0.01,282.12
僖,6,0.01,750,0.01,2220.03
瓊,6,0.01,1046,0.01,4706.07
藏,18,0.02,2243,0.03,3805.92
銜,5,0.01,758,0.01,3331.48
嗟,7,0.01,431,0.0,3162.12
裳,8,0.01,461,0.01,3943.5
岐,8,0.01,557,0.01,2343.15
囂,5,0.01,396,0.0,998.52
僉,6,0.01,2104,0.02,10451.06
袁,9,0.01,1493,0.02,5301.05
戴,12,0.01,1084,0.01,200.81
矢,22,0.02,1273,0.01,6481.44
巾,7,0.01,539,0.01,1401.96
彭,19,0.02,1953,0.02,1412.25
寄,10,0.01,836,0.01,906.82
衆,16,0.02,1110,0.01,3356.59
檄,8,0.01,1054,0.01,3010.26
津,9,0.01,1247,0.01,3648.89
廬,24,0.03,1897,0.02,2216.82
剽,8,0.01,398,0.0,5205.92
搜,11,0.01,375,0.0,10054.17
駕,14,0.01,3057,0.04,9869.7
裝,12,0.01,426,0.0,10046.56
嵩,7,0.01,1610,0.02,7427.42
曜,5,0.01,440,0.01,302.44
嫌,6,0.01,515,0.01,511.66
寺,46,0.05,3293,0.04,5059.71
闈,6,0.01,253,0.0,5763.26
達,25,0.03,3420,0.04,5889.44
扇,6,0.01,519,0.01,455.68
競,9,0.01,644,0.01,2241.61
截,7,0.01,242,0.0,7900.08
愁,5,0.01,202,0.0,5562.16
輝,6,0.01,467,0.01,1219.94
鑒,10,0.01,1183,0.01,2345.23
憑,7,0.01,454,0.01,2750.76
訪,13,0.01,1170,0.01,248.38
悅,19,0.02,1904,0.02,1084.33
誡,20,0.02,392,0.0,22112.41
溪,12,0.01,2046,0.02,6415.93
殉,5,0.01,174,0.0,6628.98
均,8,0.01,1818,0.02,7828.71
樓,28,0.03,1631,0.02,7206.13
賄,11,0.01,619,0.01,4861.86
龐,5,0.01,452,0.01,124.74
寫,6,0.01,374,0.0,2837.32
弄,5,0.01,347,0.0,1873.91
瓦,9,0.01,634,0.01,2381.0
哲,10,0.01,1198,0.01,2464.17
瑜,8,0.01,584,0.01,1945.71
逼,18,0.02,907,0.01,7643.4
訣,18,0.02,400,0.0,19043.44
琰,8,0.01,271,0.0,8632.67
驛,5,0.01,942,0.01,4840.65
領,63,0.07,7451,0.09,5882.54
倭,21,0.02,795,0.01,12344.99
洲,5,0.01,418,0.0,641.21
購,5,0.01,214,0.0,5156.72
槃,6,0.01,77,0.0,16158.43
巴,12,0.01,977,0.01,1264.26
浣,5,0.01,117,0.0,9626.4
遁,24,0.03,1599,0.02,4700.81
熾,6,0.01,284,0.0,4883.24
討,14,0.01,5163,0.06,16662.17
駝,7,0.01,259,0.0,7320.93
殘,9,0.01,816,0.01,141.26
場,7,0.01,1820,0.02,8508.02
徽,17,0.02,2414,0.03,5322.02
辦,5,0.01,804,0.01,3735.84
銅,5,0.01,1528,0.02,8436.3
角,13,0.01,1932,0.02,5153.26
氐,12,0.01,832,0.01,2913.03
壁,20,0.02,1340,0.02,4216.39
奎,16,0.02,527,0.01,12575.3
婁,19,0.02,437,0.01,19031.54
胃,11,0.01,173,0.0,19170.17
昴,14,0.01,365,0.0,14698.4
觜,8,0.01,109,0.0,17964.99
柳,19,0.02,1180,0.01,5097.12
 ,13,0.01,684,0.01,6020.0
苟,5,0.01,930,0.01,4750.17
旬,6,0.01,769,0.01,2403.85
繩,8,0.01,532,0.01,2729.68
肩,8,0.01,305,0.0,7555.67
局,14,0.01,1144,0.01,1325.22
述,8,0.01,1427,0.02,5636.78
照,22,0.02,974,0.01,10322.2
構,6,0.01,898,0.01,3553.43
啼,7,0.01,58,0.0,22524.15
髻,12,0.01,75,0.0,34186.02
裙,10,0.01,124,0.0,21310.96
俾,7,0.01,1088,0.01,4144.01
緒,9,0.01,589,0.01,3038.39
叟,5,0.01,455,0.01,81.05
惜,10,0.01,990,0.01,672.9
琳,7,0.01,344,0.0,4969.26
諡,8,0.01,2228,0.03,9758.1
陝,5,0.01,2629,0.03,13075.49
械,8,0.01,706,0.01,358.87
梟,5,0.01,256,0.0,3919.18
範,14,0.01,1492,0.02,1612.95
邦,15,0.02,2120,0.02,4943.81
傲,5,0.01,168,0.0,6884.1
練,9,0.01,2234,0.03,9180.1
付,10,0.01,1311,0.02,3318.55
俘,22,0.02,709,0.01,15081.59
渾,6,0.01,879,0.01,3393.73
琮,8,0.01,527,0.01,2809.29
撫,37,0.04,8820,0.1,17801.31
訊,5,0.01,469,0.01,119.14
喻,5,0.01,439,0.01,317.47
丸,5,0.01,242,0.0,4304.36
署,8,0.01,2690,0.03,11636.32
花,25,0.03,1290,0.01,8645.35
塚,5,0.01,172,0.0,6712.84
蘇,15,0.02,2655,0.03,7625.24
嗜,5,0.01,352,0.0,1778.86
檢,11,0.01,6103,0.07,20148.39
渡,7,0.01,2137,0.02,9972.72
璋,8,0.01,538,0.01,2635.18
預,14,0.01,1773,0.02,3537.83
敏,17,0.02,1661,0.02,716.92
敵,17,0.02,3519,0.04,10164.27
彰,8,0.01,767,0.01,333.6
挺,8,0.01,611,0.01,1566.99
亮,17,0.02,1880,0.02,2230.33
督,38,0.04,8103,0.09,15790.73
弼,8,0.01,1780,0.02,7633.34
皎,8,0.01,157,0.0,13971.62
趨,9,0.01,1455,0.02,5062.06
托,13,0.01,557,0.01,8302.96
導,25,0.03,1701,0.02,4484.85
錄,25,0.03,4815,0.06,11175.47
續,7,0.01,860,0.01,2260.94
停,8,0.01,1180,0.01,3977.42
煬,8,0.01,302,0.0,7644.87
僧,37,0.04,1438,0.02,15878.08
詰,9,0.01,754,0.01,841.46
鬻,39,0.04,555,0.01,38569.91
隋,17,0.02,2259,0.03,4494.75
吐,18,0.02,1450,0.02,1681.78
源,16,0.02,2169,0.02,4601.43
薛,13,0.01,1506,0.02,2448.66
陀,5,0.01,306,0.0,2713.02
碩,5,0.01,262,0.0,3761.27
版,6,0.01,308,0.0,4273.81
亨,8,0.01,1116,0.01,3498.34
裴,18,0.02,1115,0.01,4994.1
默,17,0.02,761,0.01,8931.92
啜,24,0.03,183,0.0,43616.0
秀,12,0.01,1394,0.02,2381.11
撰,22,0.02,3243,0.04,6587.77
僚,8,0.01,1975,0.02,8603.54
秘,13,0.01,2105,0.02,6101.69
普,14,0.01,1339,0.02,414.51
品,41,0.04,5588,0.06,7471.21
豔,5,0.01,23,0.0,25590.69
彝,6,0.01,312,0.0,4177.44
甥,18,0.02,185,0.0,31995.66
汗,28,0.03,775,0.01,19704.91
毗,11,0.01,187,0.0,18172.16
伽,9,0.01,125,0.0,18821.66
靜,18,0.02,1585,0.02,565.97
貶,18,0.02,2209,0.03,3611.89
甯,11,0.01,1554,0.02,4229.17
渤,6,0.01,263,0.0,5466.46
坊,20,0.02,1212,0.01,5558.48
晟,16,0.02,852,0.01,6532.83
哥,6,0.01,261,0.0,5524.77
娘,15,0.02,75,0.0,42625.86
潤,6,0.01,785,0.01,2555.45
浙,12,0.01,2954,0.03,10504.52
絹,7,0.01,957,0.01,3110.95
汴,9,0.01,1313,0.02,4118.38
彗,8,0.01,678,0.01,696.93
闊,9,0.01,448,0.01,5516.6
靖,12,0.01,4922,0.06,16817.23
判,15,0.02,5406,0.06,16917.37
頒,6,0.01,811,0.01,2795.95
洙,6,0.01,199,0.0,7645.03
廂,5,0.01,702,0.01,2809.17
桂,8,0.01,1503,0.02,6098.25
旨,17,0.02,4065,0.05,12105.37
迥,7,0.01,206,0.0,9304.9
凝,8,0.01,459,0.01,3980.57
仗,17,0.02,1226,0.01,2985.16
豆,5,0.01,661,0.01,2402.72
座,5,0.01,551,0.01,1186.11
姨,5,0.01,56,0.0,16030.49
陣,12,0.01,1614,0.02,3902.57
勒,12,0.01,1164,0.01,528.05
裁,10,0.01,1218,0.01,2620.64
勘,6,0.01,989,0.01,4279.79
垣,28,0.03,1289,0.01,11003.97
虢,6,0.01,459,0.01,1345.18
雙,7,0.01,542,0.01,1358.5
曆,21,0.02,5286,0.06,14239.62
課,11,0.01,1350,0.02,2823.82
總,21,0.02,6989,0.08,18687.4
袖,6,0.01,268,0.0,5322.89
饌,8,0.01,351,0.0,6303.78
科,7,0.01,3285,0.04,14241.07
酷,6,0.01,411,0.0,2147.85
毅,5,0.01,778,0.01,3509.83
驍,6,0.01,912,0.01,3669.22
潭,6,0.01,856,0.01,3196.29
芬,5,0.01,190,0.0,5996.66
慈,17,0.02,1455,0.02,896.12
段,10,0.01,1404,0.02,3972.93
攜,31,0.03,464,0.01,33266.36
耶,18,0.02,1112,0.01,5028.34
堡,5,0.01,1583,0.02,8716.05
祚,7,0.01,1147,0.01,4574.16
齡,6,0.01,777,0.01,2480.01
琛,5,0.01,194,0.0,5848.34
恕,5,0.01,831,0.01,3963.99
俄,15,0.02,1666,0.02,2144.69
孀,5,0.01,16,0.0,30022.24
剌,7,0.01,801,0.01,1699.73
睿,6,0.01,786,0.01,2564.84
亙,5,0.01,295,0.0,2958.82
諷,6,0.01,581,0.01,360.92
圍,15,0.02,3360,0.04,10538.28
借,10,0.01,793,0.01,1400.35
擢,11,0.01,4023,0.05,14665.99
拒,11,0.01,1819,0.02,5828.09
按,15,0.02,3789,0.04,12079.28
泥,6,0.01,516,0.01,497.62
誥,6,0.01,1363,0.02,6776.74
誌,16,0.02,1274,0.01,1722.99
仆,6,0.01,507,0.01,624.93
詵,5,0.01,155,0.0,7476.32
衝,5,0.01,482,0.01,299.82
傑,12,0.01,1375,0.02,2239.48
斌,11,0.01,563,0.01,5816.78
彥,15,0.02,3203,0.04,9935.65
柩,8,0.01,231,0.0,10127.75
擒,22,0.02,1553,0.02,3693.89
翰,5,0.01,3089,0.04,14624.12
院,13,0.01,6607,0.08,20580.12
遽,5,0.01,1070,0.01,5751.45
頡,5,0.01,305,0.0,2734.96
瑄,6,0.01,358,0.0,3158.51
俟,10,0.01,1320,0.02,3383.67
準,6,0.01,1252,0.01,6100.9
瑛,7,0.01,367,0.0,4446.03
傭,7,0.01,135,0.0,13239.75
滔,5,0.01,290,0.0,3073.87
麾,5,0.01,829,0.01,3947.31
杖,15,0.02,1691,0.02,2316.23
裂,5,0.01,439,0.01,317.47
怏,6,0.01,168,0.0,9025.35
旌,9,0.01,766,0.01,701.53
涉,5,0.01,1209,0.01,6646.75
階,14,0.01,1828,0.02,3881.2
劇,5,0.01,459,0.01,23.24
誼,7,0.01,711,0.01,763.75
奩,6,0.01,24,0.0,29870.93
冗,5,0.01,451,0.01,139.37
僅,7,0.01,796,0.01,1650.41
慟,10,0.01,334,0.0,9797.31
慘,7,0.01,218,0.0,8805.83
題,5,0.01,549,0.01,1161.95
沔,7,0.01,444,0.01,2926.8
瀛,5,0.01,394,0.0,1032.0
剪,5,0.01,82,0.0,12560.56
琦,8,0.01,852,0.01,1213.61
徹,5,0.01,663,0.01,2423.07
詞,7,0.01,1768,0.02,8249.77
淩,5,0.01,474,0.01,189.21
陜,5,0.01,754,0.01,3295.31
副,34,0.04,8406,0.1,17771.56
禎,7,0.01,1573,0.02,7225.81
鶴,5,0.01,617,0.01,1940.32
村,10,0.01,721,0.01,2291.74
途,7,0.01,426,0.0,3254.68
泛,5,0.01,620,0.01,1972.79
提,7,0.01,4158,0.05,16848.26
椎,11,0.01,131,0.0,22912.37
褐,5,0.01,305,0.0,2734.96
氈,5,0.01,216,0.0,5091.7
熙,12,0.01,3977,0.05,14071.58
炳,5,0.01,458,0.01,37.65
棓,5,0.01,76,0.0,13223.74
暈,16,0.02,414,0.0,15817.51
糴,5,0.01,787,0.01,3588.79
熟,6,0.01,785,0.01,2555.45
濁,14,0.01,1010,0.01,2705.08
透,5,0.01,104,0.0,10569.58
旺,6,0.01,199,0.0,7645.03
昶,5,0.01,316,0.0,2497.71
衢,5,0.01,530,0.01,928.22
砦,11,0.01,2172,0.02,7674.34
式,21,0.02,1704,0.02,1718.16
箱,10,0.01,132,0.0,20494.22
譜,5,0.01,395,0.0,1015.24
瑞,7,0.01,1379,0.02,6102.3
讚,13,0.01,496,0.01,9623.04
姆,5,0.01,20,0.0,27268.3
陪,6,0.01,467,0.01,1219.94
帔,5,0.01,78,0.0,12995.52
隊,60,0.06,880,0.01,46906.81
砌,5,0.01,19,0.0,27893.75
衫,5,0.01,254,0.0,3972.74
額,5,0.01,1744,0.02,9496.63
弩,14,0.01,865,0.01,4433.08
槊,14,0.01,227,0.0,21182.91
捧,7,0.01,445,0.01,2909.0
揮,30,0.03,4047,0.05,6220.44
伍,5,0.01,894,0.01,4472.79
貸,7,0.01,905,0.01,2665.56
編,10,0.01,2010,0.02,7496.75
鵬,5,0.01,385,0.0,1184.86
偓,5,0.01,114,0.0,9832.09
團,6,0.01,1508,0.02,7597.32
橐,6,0.01,236,0.0,6300.4
閤,5,0.01,623,0.01,2005.11
鉉,5,0.01,278,0.0,3359.1
筵,6,0.01,692,0.01,1631.09
帖,11,0.01,430,0.0,8595.93
紿,8,0.01,265,0.0,8839.39
蓄,7,0.01,459,0.01,2664.29
圭,5,0.01,727,0.01,3046.72
介,7,0.01,1231,0.01,5155.05
娼,9,0.01,30,0.0,39595.12
竄,5,0.01,710,0.01,2885.99
鋹,5,0.01,141,0.0,8185.09
梅,6,0.01,514,0.01,525.72
乜,5,0.01,59,0.0,15534.24
砫,7,0.01,31,0.0,30813.94
箋,5,0.01,184,0.0,6226.15
銷,5,0.01,336,0.0,2088.22
朵,6,0.01,277,0.0,5072.02
緬,5,0.01,400,0.0,932.07
昂,13,0.01,494,0.01,9669.49
俺,5,0.01,356,0.0,1703.83
寨,6,0.01,998,0.01,4348.46
