Target,target_abs_freq, target_rel_freq*100, ref_abs_freq, ref_rel_freq*100, CHI2
堯,5,0.01,1541,0.02,1303.27
女,581,1.67,5005,0.06,355051.66
妻,129,0.37,3347,0.04,92844.59
觀,53,0.15,9734,0.11,6964.74
內,61,0.18,16198,0.18,1095.09
男,1732,4.99,1,0.0,1966737.27
與,120,0.35,37245,0.42,6627.81
處,25,0.07,5607,0.06,1803.75
外,42,0.12,15196,0.17,6896.53
益,9,0.03,7742,0.09,11583.59
篤,18,0.05,910,0.01,22355.54
太,203,0.59,47826,0.54,3066.17
史,105,0.3,26272,0.3,371.7
公,165,0.48,24827,0.28,20054.82
禹,9,0.03,1462,0.02,3978.33
爲,51,0.15,12247,0.14,1129.22
姓,19,0.05,3924,0.04,2640.9
後,93,0.27,29282,0.33,6245.46
分,37,0.11,17593,0.2,11566.47
封,216,0.62,18205,0.21,50244.87
國,223,0.64,32091,0.37,25368.19
夏,34,0.1,8060,0.09,1144.93
后,53,0.15,9419,0.11,7683.8
氏,74,0.21,8302,0.09,21300.09
尋,18,0.05,5297,0.06,1889.28
城,113,0.33,21420,0.24,9169.26
辛,16,0.05,5770,0.07,4214.8
戈,5,0.01,539,0.01,5820.36
大,293,0.84,66690,0.76,5444.95
聚,12,0.03,2183,0.02,3411.72
樂,43,0.12,10822,0.12,124.12
沙,10,0.03,2523,0.03,36.56
丘,13,0.04,2384,0.03,3464.16
酒,18,0.05,4153,0.05,1173.84
為,480,1.38,107181,1.22,8238.15
池,5,0.01,1936,0.02,2836.46
縣,252,0.73,20253,0.23,56853.64
肉,6,0.02,867,0.01,4122.71
林,25,0.07,6957,0.08,1396.07
裸,10,0.03,64,0.0,53558.36
逐,11,0.03,2014,0.02,3202.44
長,190,0.55,17823,0.2,42175.22
夜,15,0.04,4958,0.06,3067.15
飲,15,0.04,1975,0.02,7632.39
莊,10,0.03,2469,0.03,239.38
居,42,0.12,12745,0.15,3479.69
西,41,0.12,28881,0.33,20329.6
犬,5,0.01,452,0.01,7109.7
生,242,0.7,13358,0.15,76768.52
子,722,2.08,60386,0.69,92788.35
人,554,1.6,79969,0.91,39871.58
世,25,0.07,13523,0.15,11537.77
父,48,0.14,9921,0.11,4182.89
武,73,0.21,22664,0.26,5172.57
初,54,0.16,16743,0.19,4418.29
令,108,0.31,24289,0.28,3668.02
書,134,0.39,35304,0.4,1354.58
年,287,0.83,96846,1.1,14542.43
貴,35,0.1,6191,0.07,6326.39
賤,7,0.02,891,0.01,5492.85
明,53,0.15,20786,0.24,9528.13
禮,68,0.2,19422,0.22,2942.11
順,17,0.05,6030,0.07,4139.02
慎,7,0.02,1829,0.02,243.92
遵,5,0.01,1724,0.02,2053.76
職,13,0.04,7376,0.08,8868.38
事,102,0.29,51516,0.59,21155.76
請,38,0.11,18894,0.22,12585.0
戒,6,0.02,2140,0.02,2499.05
童,22,0.06,831,0.01,30296.19
求,29,0.08,8117,0.09,1596.35
遣,56,0.16,15632,0.18,2159.31
徐,32,0.09,4499,0.05,10000.07
市,12,0.03,3907,0.04,2586.78
發,46,0.13,9096,0.1,4989.6
數,94,0.27,19766,0.22,5359.62
千,143,0.41,22427,0.26,17154.98
海,36,0.1,8957,0.1,317.55
修,24,0.07,8436,0.1,4784.69
業,13,0.04,4221,0.05,2662.9
序,5,0.01,1536,0.02,1281.61
防,9,0.03,3355,0.04,3460.84
禁,16,0.05,5179,0.06,2917.32
止,20,0.06,6166,0.07,2611.55
淫,17,0.05,841,0.01,22075.38
誠,11,0.03,4143,0.05,3929.6
夫,167,0.48,15507,0.18,39970.74
殺,71,0.2,10608,0.12,13326.69
無,145,0.42,30015,0.34,7224.19
罪,33,0.1,10433,0.12,3786.52
義,37,0.11,11509,0.13,3714.54
程,6,0.02,1988,0.02,1957.23
日,73,0.21,30627,0.35,12949.39
降,32,0.09,9733,0.11,3075.85
項,5,0.01,1683,0.02,1892.3
王,497,1.43,55721,0.63,55398.51
怒,11,0.03,4404,0.05,4544.94
悉,24,0.07,4922,0.06,3070.58
詣,26,0.07,3427,0.04,10032.36
東,80,0.23,29926,0.34,10427.96
欲,35,0.1,13863,0.16,7917.86
兩,31,0.09,8916,0.1,2100.52
見,38,0.11,15860,0.18,9236.6
孝,65,0.19,8657,0.1,15606.75
惠,15,0.04,3555,0.04,763.13
高,71,0.2,13875,0.16,6497.18
帝,93,0.27,31811,0.36,8640.7
庶,23,0.07,5142,0.06,1775.51
齊,20,0.06,6766,0.08,3853.25
悼,6,0.02,965,0.01,3322.23
肥,9,0.03,502,0.01,14674.88
次,35,0.1,7065,0.08,3988.08
呂,13,0.04,4017,0.05,2129.62
戚,8,0.02,1565,0.02,2170.65
趙,37,0.11,7922,0.09,3033.56
意,14,0.04,7756,0.09,8916.78
代,28,0.08,8280,0.09,2433.42
立,57,0.16,16123,0.18,2475.36
文,74,0.21,25857,0.29,8256.19
薄,6,0.02,1901,0.02,1629.55
梁,23,0.07,4626,0.05,3284.03
時,73,0.21,29887,0.34,12308.61
徙,7,0.02,4817,0.05,8180.97
共,21,0.06,3828,0.04,4485.84
淮,23,0.07,7037,0.08,2691.62
陽,123,0.35,18462,0.21,17392.31
友,13,0.04,2491,0.03,2990.27
幽,8,0.02,1734,0.02,1306.99
南,61,0.18,35373,0.4,19790.4
厲,5,0.01,1355,0.02,448.23
燕,12,0.03,3385,0.04,1106.67
建,59,0.17,11796,0.13,5398.86
祖,29,0.08,13705,0.16,10134.97
兄,24,0.07,3697,0.04,7288.25
異,22,0.06,5726,0.07,378.48
母,63,0.18,6822,0.08,20552.83
餘,143,0.41,17457,0.2,26419.33
弟,72,0.21,7123,0.08,24460.25
姬,38,0.11,664,0.01,63116.61
諸,90,0.26,25019,0.28,2622.07
遂,42,0.12,15771,0.18,7624.28
部,109,0.31,27217,0.31,442.26
捕,18,0.05,2196,0.02,9373.49
少,50,0.14,12351,0.14,525.37
斬,45,0.13,4929,0.06,17121.53
倉,8,0.02,2595,0.03,2080.49
將,113,0.33,36123,0.41,7369.35
行,60,0.17,30312,0.35,16212.93
會,31,0.09,10953,0.12,5525.32
急,8,0.02,4211,0.05,6278.25
帶,12,0.03,2776,0.03,931.18
過,27,0.08,6854,0.08,34.4
寸,11,0.03,1933,0.02,3611.33
毋,11,0.03,2393,0.03,1496.54
布,26,0.07,4546,0.05,5630.07
車,22,0.06,5561,0.06,28.2
兵,102,0.29,37140,0.42,10955.0
器,13,0.04,4063,0.05,2252.06
民,190,0.55,19426,0.22,38280.68
哭,9,0.03,1189,0.01,5880.32
臨,27,0.08,6216,0.07,1471.27
宮,29,0.08,12244,0.14,8257.61
殿,26,0.07,11579,0.13,8656.05
前,49,0.14,14252,0.16,2875.2
竇,7,0.02,1128,0.01,3573.02
幸,30,0.09,5338,0.06,5759.57
死,110,0.32,17171,0.2,15190.85
更,24,0.07,5618,0.06,1145.34
景,28,0.08,6681,0.08,936.75
傅,9,0.03,3616,0.04,4143.11
周,38,0.11,10487,0.12,1569.18
侯,90,0.26,16941,0.19,8380.13
伯,78,0.22,6466,0.07,30670.39
衛,74,0.21,11724,0.13,12067.47
嫁,33,0.1,602,0.01,57442.85
家,73,0.21,14192,0.16,6720.68
皇,83,0.24,15627,0.18,8040.7
孫,46,0.13,8918,0.1,5389.87
配,14,0.04,2540,0.03,3715.32
絕,8,0.02,4359,0.05,6589.05
聞,35,0.1,14189,0.16,8337.25
聲,8,0.02,4551,0.05,6979.67
問,20,0.06,7400,0.08,5059.18
歲,72,0.21,12435,0.14,9687.75
元,105,0.3,33476,0.38,7020.66
康,13,0.04,4491,0.05,3332.86
中,228,0.66,57726,0.66,18.01
詔,59,0.17,23239,0.26,10155.09
徵,5,0.01,2478,0.03,4538.03
戶,119,0.34,12259,0.14,30015.2
善,17,0.05,10049,0.11,10688.44
化,33,0.1,6102,0.07,5377.88
路,18,0.05,9419,0.11,9340.8
耕,22,0.06,1245,0.01,22688.4
讓,16,0.05,1937,0.02,8934.5
賜,128,0.37,12265,0.14,33810.97
黃,35,0.1,10505,0.12,2982.83
金,83,0.24,16077,0.18,7266.95
百,202,0.58,31559,0.36,20565.64
秩,8,0.02,2145,0.02,477.5
石,22,0.06,10219,0.12,8573.78
俱,18,0.05,4304,0.05,724.43
歌,9,0.03,1833,0.02,1941.95
先,47,0.14,14979,0.17,4684.66
制,44,0.13,13861,0.16,4302.3
節,59,0.17,14600,0.17,530.44
衰,5,0.01,1442,0.02,861.39
麻,9,0.03,865,0.01,8929.68
泣,9,0.03,1402,0.02,4360.13
喪,10,0.03,3613,0.04,3349.51
紀,7,0.02,2763,0.03,3510.82
鼓,9,0.03,2757,0.03,1694.32
安,112,0.32,27887,0.32,537.3
婚,19,0.05,658,0.01,29797.44
姻,7,0.02,349,0.0,14084.43
冠,12,0.03,3057,0.03,59.2
別,30,0.09,4141,0.05,9993.08
射,18,0.05,4283,0.05,785.96
鄉,17,0.05,4512,0.05,571.77
食,91,0.26,8901,0.1,27856.97
正,67,0.19,23529,0.27,7978.76
交,12,0.03,5495,0.06,6176.97
接,10,0.03,1643,0.02,4084.79
則,52,0.15,22847,0.26,11948.23
亂,26,0.07,5897,0.07,1669.86
登,13,0.04,4755,0.05,3953.0
天,104,0.3,37265,0.42,10567.31
地,50,0.14,15153,0.17,3769.9
情,8,0.02,3069,0.03,3508.51
類,7,0.02,2863,0.03,3797.53
稱,47,0.14,8675,0.1,6456.22
終,12,0.03,5623,0.06,6424.77
始,30,0.09,9022,0.1,2793.39
象,7,0.02,3221,0.04,4756.93
親,35,0.1,9087,0.1,433.98
疏,5,0.01,7858,0.09,13878.22
幼,22,0.06,1612,0.02,18284.63
理,11,0.03,7300,0.08,9855.64
形,9,0.03,1545,0.02,3477.7
深,8,0.02,5362,0.06,8497.26
恐,13,0.04,3958,0.05,1970.61
齎,7,0.02,631,0.01,8437.56
季,11,0.03,2017,0.02,3187.64
魯,15,0.04,3077,0.04,2424.44
卜,7,0.02,1136,0.01,3516.33
名,66,0.19,15405,0.18,1969.95
『,11,0.03,3900,0.04,3324.5
』,10,0.03,3884,0.04,4041.52
社,5,0.01,2311,0.03,4051.08
室,20,0.06,4600,0.05,1278.97
輔,8,0.02,4576,0.05,7029.55
告,28,0.08,5549,0.06,3856.99
襄,9,0.03,3148,0.04,2884.83
亡,28,0.08,5615,0.06,3670.37
臣,79,0.23,33531,0.38,13789.94
妾,15,0.04,915,0.01,17650.83
熊,6,0.02,941,0.01,3509.6
當,43,0.12,14952,0.17,6193.61
成,68,0.2,17415,0.2,270.64
舉,22,0.06,12845,0.15,11973.47
勤,6,0.02,1834,0.02,1367.43
勞,7,0.02,2983,0.03,4130.18
嗣,46,0.13,5995,0.07,13585.02
楚,27,0.08,5479,0.06,3420.67
蠻,13,0.04,2752,0.03,1919.26
田,52,0.15,9180,0.1,7755.17
丹,8,0.02,3548,0.04,4763.05
夷,37,0.11,4003,0.05,15765.69
率,32,0.09,8255,0.09,307.34
服,39,0.11,8798,0.1,2145.32
加,31,0.09,12866,0.15,8245.47
位,33,0.1,10803,0.12,4385.11
尊,14,0.04,3855,0.04,927.25
耳,14,0.04,3780,0.04,709.09
壯,11,0.03,1642,0.02,5252.06
朱,17,0.05,2939,0.03,4692.34
囚,11,0.03,1682,0.02,5008.23
固,12,0.03,5096,0.06,5371.42
聽,14,0.04,5344,0.06,4585.27
督,23,0.07,8118,0.09,4743.54
遺,26,0.07,3848,0.04,8209.26
吾,21,0.06,6557,0.07,2849.58
言,64,0.18,35472,0.4,19106.56
空,13,0.04,2673,0.03,2231.78
私,22,0.06,4185,0.05,3992.35
然,25,0.07,13498,0.15,11508.27
進,46,0.13,21596,0.25,12630.73
留,36,0.1,7633,0.09,3166.47
獻,24,0.07,7105,0.08,2268.89
知,59,0.17,30313,0.35,16485.69
赦,10,0.03,2767,0.03,829.29
出,48,0.14,24735,0.28,14930.22
重,17,0.05,10597,0.12,11402.41
虛,7,0.02,2866,0.03,3805.99
棄,8,0.02,2738,0.03,2534.94
復,54,0.16,26965,0.31,15108.53
取,27,0.08,8109,0.09,2629.31
持,23,0.07,3800,0.04,6114.84
獨,30,0.09,4695,0.05,7884.85
歡,6,0.02,743,0.01,5296.44
竟,7,0.02,2520,0.03,2773.48
歸,44,0.13,13228,0.15,3377.4
朔,9,0.03,6284,0.07,9423.49
婦,130,0.37,2133,0.02,120816.69
腹,5,0.01,790,0.01,3153.4
奉,28,0.08,11154,0.13,7173.0
免,12,0.03,6048,0.07,7214.7
身,33,0.1,5514,0.06,7129.32
晉,23,0.07,5102,0.06,1886.72
霸,10,0.03,1230,0.01,6904.97
老,39,0.11,4657,0.05,14222.06
常,49,0.14,13590,0.15,1885.4
卒,61,0.18,16399,0.19,1381.03
政,17,0.05,15144,0.17,16440.3
月,128,0.37,56990,0.65,19247.06
弗,5,0.01,1416,0.02,740.51
飾,10,0.03,1385,0.02,5735.62
賈,6,0.02,2044,0.02,2161.16
塗,8,0.02,854,0.01,7451.55
方,42,0.12,15883,0.18,7763.24
客,21,0.06,3825,0.04,4496.62
邑,83,0.24,4075,0.05,49058.77
司,63,0.18,28797,0.33,14127.77
予,7,0.02,1976,0.02,850.8
孔,10,0.03,2857,0.03,1129.89
志,13,0.04,3900,0.04,1812.09
保,31,0.09,8061,0.09,434.07
河,53,0.15,22124,0.25,10915.72
號,31,0.09,5032,0.06,7397.64
里,37,0.11,8782,0.1,1172.17
漢,37,0.11,12239,0.14,4832.94
興,39,0.11,12067,0.14,3715.01
病,7,0.02,4112,0.05,6802.69
卿,51,0.15,10457,0.12,4482.09
臧,9,0.03,772,0.01,10067.39
兒,53,0.15,2124,0.02,45201.59
裏,5,0.01,1570,0.02,1427.59
仲,20,0.06,4191,0.05,2516.07
信,21,0.06,7258,0.08,4242.93
陵,41,0.12,8079,0.09,4777.2
勝,20,0.06,5252,0.06,478.92
愛,18,0.05,2521,0.03,7549.38
美,24,0.07,2821,0.03,11400.04
夢,8,0.02,1168,0.01,4670.92
懷,30,0.09,5089,0.06,6547.55
榮,10,0.03,2886,0.03,1224.81
主,76,0.22,15031,0.17,6410.75
賢,22,0.06,7826,0.09,4749.61
符,14,0.04,2871,0.03,2345.57
計,15,0.04,6439,0.07,6134.04
定,33,0.1,16642,0.19,11982.32
蓋,13,0.04,3651,0.04,1104.81
寵,18,0.05,2173,0.02,9514.25
據,14,0.04,3240,0.04,1001.24
山,63,0.18,20055,0.23,5397.84
李,79,0.23,14797,0.17,7982.17
昌,30,0.09,6961,0.08,1423.57
喜,9,0.03,2897,0.03,2137.74
豈,7,0.02,3973,0.05,6509.15
謂,23,0.07,12224,0.14,10797.06
聖,20,0.06,7626,0.09,5466.44
姦,7,0.02,1087,0.01,3870.69
劉,49,0.14,9627,0.11,5284.52
參,13,0.04,7549,0.09,9137.85
盡,41,0.12,7723,0.09,5639.69
沐,5,0.01,556,0.01,5597.55
除,16,0.05,8656,0.1,9229.55
郡,99,0.29,13553,0.15,18417.15
憲,6,0.02,3306,0.04,5793.39
列,8,0.02,4357,0.05,6584.91
附,16,0.05,3180,0.04,2880.86
賦,11,0.03,3166,0.04,1257.87
教,21,0.06,4750,0.05,1537.7
冀,6,0.02,1755,0.02,1046.41
闕,20,0.06,3808,0.04,3794.34
營,12,0.03,5701,0.06,6573.43
秦,23,0.07,7979,0.09,4494.42
流,33,0.1,9186,0.1,1609.29
菑,5,0.01,228,0.0,12695.5
萬,135,0.39,25019,0.28,10810.56
竊,6,0.02,1939,0.02,1774.37
度,51,0.15,18369,0.21,7503.51
待,11,0.03,4198,0.05,4062.09
遠,20,0.06,7068,0.08,4440.01
寡,23,0.07,1428,0.02,21545.69
雖,13,0.04,6989,0.08,8246.55
足,31,0.09,5854,0.07,4861.63
采,10,0.03,1511,0.02,4890.0
君,36,0.1,10708,0.12,2863.82
召,19,0.05,9382,0.11,8799.65
適,8,0.02,1841,0.02,804.2
拔,13,0.04,1935,0.02,5741.26
斯,13,0.04,2233,0.03,4173.35
川,28,0.08,6336,0.07,1769.13
守,71,0.2,19757,0.22,2353.3
尚,95,0.27,17446,0.2,9331.59
丞,23,0.07,8489,0.1,5389.89
盜,13,0.04,4042,0.05,2196.33
陳,34,0.1,12195,0.14,6051.07
擊,34,0.1,7816,0.09,1676.73
盧,11,0.03,1964,0.02,3452.69
綰,5,0.01,538,0.01,5833.72
羊,13,0.04,1428,0.02,9167.72
賀,10,0.03,2798,0.03,933.89
工,12,0.03,4623,0.05,4341.82
第,56,0.16,8243,0.09,12175.77
玄,14,0.04,3881,0.04,1001.92
顯,12,0.03,3365,0.04,1045.7
吏,51,0.15,13503,0.15,939.11
坐,24,0.07,7877,0.09,3776.79
官,96,0.28,42981,0.49,16823.9
宣,25,0.07,10660,0.12,7817.97
潁,7,0.02,1026,0.01,4337.52
治,17,0.05,10761,0.12,11610.41
道,69,0.2,21945,0.25,5627.03
獄,10,0.03,5696,0.06,7816.97
越,19,0.05,3720,0.04,3334.67
裝,6,0.02,432,0.0,9699.16
賣,10,0.03,823,0.01,11056.13
產,91,0.26,1583,0.02,97917.43
左,57,0.16,15250,0.17,1226.91
口,61,0.18,6368,0.07,21146.28
慶,30,0.09,6851,0.08,1682.45
殷,5,0.01,1357,0.02,458.02
來,41,0.12,13720,0.16,5309.97
馬,74,0.21,16954,0.19,2561.12
師,48,0.14,18603,0.21,8816.49
光,61,0.18,10990,0.13,7923.07
奏,32,0.09,14985,0.17,10485.83
敢,20,0.06,5942,0.07,2118.56
利,35,0.1,7361,0.08,3264.96
微,9,0.03,3580,0.04,4051.66
右,60,0.17,15712,0.18,765.73
眾,26,0.07,8544,0.1,3950.07
裨,5,0.01,476,0.01,6725.85
步,8,0.02,3017,0.03,3362.06
廣,38,0.11,11166,0.13,2718.8
冒,7,0.02,1082,0.01,3907.84
春,21,0.06,8228,0.09,5979.86
騎,34,0.1,6827,0.08,4022.44
校,58,0.17,6873,0.08,17530.33
尉,32,0.09,7348,0.08,1645.42
郭,21,0.06,2920,0.03,8256.59
畜,20,0.06,904,0.01,25550.79
引,12,0.03,7042,0.08,8896.93
還,50,0.14,12093,0.14,968.14
丁,58,0.17,8182,0.09,13386.61
北,43,0.12,20185,0.23,12208.34
疾,15,0.04,5674,0.06,4639.83
糧,14,0.04,2751,0.03,2821.85
紡,6,0.02,41,0.0,40251.48
績,8,0.02,1034,0.01,5736.86
帷,5,0.01,328,0.0,9596.94
甲,18,0.05,8792,0.1,8419.92
轉,35,0.1,7074,0.08,3965.63
苦,7,0.02,1807,0.02,148.99
經,16,0.05,10736,0.12,12035.52
樹,10,0.03,1046,0.01,8539.03
望,11,0.03,6589,0.07,8738.68
嘉,16,0.05,8074,0.09,8347.39
宗,73,0.21,28240,0.32,10830.82
族,19,0.05,2755,0.03,7290.97
仕,7,0.02,3451,0.04,5326.11
蒼,5,0.01,1040,0.01,1307.21
連,10,0.03,3693,0.04,3558.53
術,7,0.02,2564,0.03,2911.61
德,62,0.18,20891,0.24,6695.43
財,12,0.03,2679,0.03,1296.81
卓,6,0.02,1007,0.01,3006.36
歎,5,0.01,862,0.01,2563.3
厚,17,0.05,4122,0.05,533.44
蒲,8,0.02,908,0.01,6895.62
奇,18,0.05,3032,0.03,5161.2
謀,26,0.07,5856,0.07,1775.46
乘,19,0.05,5621,0.06,2009.84
反,24,0.07,4922,0.06,3070.58
谷,9,0.03,2244,0.03,139.87
匈,10,0.03,2086,0.02,1821.67
奴,30,0.09,3083,0.04,15105.85
從,57,0.16,23095,0.26,10632.24
妄,12,0.03,1308,0.01,8893.97
廷,14,0.04,8646,0.1,10232.22
神,22,0.06,9885,0.11,8090.38
振,7,0.02,3202,0.04,4708.38
說,9,0.03,4922,0.06,7024.29
資,13,0.04,3366,0.04,235.31
穀,20,0.06,2028,0.02,12527.89
種,19,0.05,1684,0.02,14148.37
衡,6,0.02,2444,0.03,3485.21
舒,7,0.02,1342,0.02,2190.03
厥,14,0.04,1653,0.02,8653.05
州,209,0.6,64862,0.74,8756.44
雜,13,0.04,2148,0.02,4595.88
博,19,0.05,4859,0.06,124.47
投,11,0.03,1310,0.01,7579.75
曹,22,0.06,4834,0.06,1977.66
手,13,0.04,3033,0.03,878.32
罰,6,0.02,1787,0.02,1178.08
目,6,0.02,2723,0.03,4299.12
髡,7,0.02,134,0.0,25758.36
合,12,0.03,8932,0.1,11633.34
席,5,0.01,894,0.01,2318.09
履,5,0.01,1048,0.01,1256.22
堂,10,0.03,3495,0.04,3033.38
滅,6,0.02,2280,0.03,2967.84
送,25,0.07,3234,0.04,10129.43
羅,15,0.04,3411,0.04,1238.19
解,9,0.03,4651,0.05,6484.51
澤,16,0.05,2907,0.03,3954.81
心,14,0.04,9493,0.11,11388.21
宅,6,0.02,1120,0.01,2223.07
屋,12,0.03,894,0.01,13302.02
論,8,0.02,10025,0.11,14910.67
罷,8,0.02,9421,0.11,14218.9
張,62,0.18,13707,0.16,3177.97
延,37,0.11,6042,0.07,7972.0
誣,6,0.02,1351,0.02,854.75
陸,8,0.02,2022,0.02,17.75
雲,20,0.06,7210,0.08,4708.0
平,111,0.32,24044,0.27,4894.5
姊,5,0.01,383,0.0,8369.71
婿,8,0.02,448,0.01,13793.03
遼,6,0.02,2601,0.03,3952.57
軍,144,0.42,45018,0.51,7522.77
范,10,0.03,1773,0.02,3358.5
府,46,0.13,19646,0.22,10643.79
鄧,6,0.02,1713,0.02,870.06
郎,108,0.31,20871,0.24,8363.8
任,21,0.06,8098,0.09,5758.14
馮,9,0.03,1537,0.02,3524.66
逆,9,0.03,2756,0.03,1691.08
爵,69,0.2,3521,0.04,43474.9
級,70,0.2,1516,0.02,75984.15
傳,14,0.04,6862,0.08,7465.54
鄭,25,0.07,4294,0.05,5788.89
攻,27,0.08,6633,0.08,470.59
寺,7,0.02,3332,0.04,5035.76
徒,20,0.06,4339,0.05,2054.58
庫,9,0.03,2305,0.03,98.66
樊,9,0.03,646,0.01,11911.84
並,70,0.2,12753,0.15,8207.94
劫,9,0.03,1053,0.01,7024.29
略,18,0.05,4374,0.05,521.47
敕,5,0.01,3922,0.04,7909.87
犯,13,0.04,9586,0.11,11993.5
法,21,0.06,14844,0.17,14591.3
繫,6,0.02,923,0.01,3653.65
章,46,0.13,9796,0.11,3491.6
覺,6,0.02,1097,0.01,2375.37
霍,8,0.02,710,0.01,9167.5
期,9,0.03,2889,0.03,2112.95
門,67,0.19,15412,0.18,2339.18
董,9,0.03,1692,0.02,2658.86
忠,42,0.12,11607,0.13,1676.53
士,62,0.18,29864,0.34,15301.39
申,15,0.04,7065,0.08,7245.71
須,7,0.02,2208,0.03,1725.05
許,32,0.09,7876,0.09,481.08
沈,8,0.02,1629,0.02,1832.59
性,6,0.02,2720,0.03,4290.76
哀,15,0.04,2207,0.03,6304.48
思,25,0.07,6504,0.07,397.05
祭,7,0.02,5198,0.06,8861.83
敬,16,0.05,3752,0.04,913.97
朝,58,0.17,20707,0.24,7800.63
甘,6,0.02,2049,0.02,2179.11
泉,12,0.03,2444,0.03,2242.44
祠,11,0.03,3304,0.04,1678.78
昔,9,0.03,2310,0.03,117.93
本,29,0.08,10010,0.11,4965.9
原,24,0.07,5919,0.07,387.1
古,19,0.05,7052,0.08,4972.14
受,20,0.06,8077,0.09,6247.9
命,34,0.1,18474,0.21,13542.51
佐,8,0.02,2660,0.03,2289.87
阿,20,0.06,2006,0.02,12686.93
甫,7,0.02,2230,0.03,1803.36
屬,27,0.08,10918,0.12,7281.0
功,42,0.12,12429,0.14,2995.0
靡,7,0.02,992,0.01,4611.46
褒,7,0.02,1232,0.01,2868.39
揚,15,0.04,2961,0.03,2868.1
隸,7,0.02,3294,0.04,4941.2
淳,5,0.01,2192,0.02,3685.48
傷,19,0.05,2660,0.03,7761.65
惡,7,0.02,3689,0.04,5882.55
刑,21,0.06,6798,0.08,3343.65
農,16,0.05,2413,0.03,6209.0
己,16,0.05,7759,0.09,7847.69
力,31,0.09,7697,0.09,328.88
衣,41,0.12,5409,0.06,12581.63
蠶,7,0.02,470,0.01,11133.77
織,10,0.03,750,0.01,12069.07
莽,11,0.03,1602,0.02,5502.65
委,5,0.01,2246,0.03,3853.44
負,11,0.03,2175,0.02,2439.59
江,31,0.09,16262,0.19,12306.92
邊,16,0.05,7779,0.09,7879.92
趣,5,0.01,956,0.01,1868.83
擾,6,0.02,1351,0.02,854.75
滿,9,0.03,2909,0.03,2174.81
井,6,0.02,2161,0.02,2571.11
黨,18,0.05,4148,0.05,1189.0
精,10,0.03,2748,0.03,764.61
肅,5,0.01,3329,0.04,6667.35
聰,5,0.01,724,0.01,3749.23
汾,9,0.03,696,0.01,11130.27
陰,25,0.07,5562,0.06,1923.38
洋,6,0.02,713,0.01,5614.6
絳,9,0.03,1288,0.01,5138.44
土,38,0.11,6025,0.07,8630.51
議,30,0.09,15085,0.17,11373.34
福,22,0.06,6045,0.07,1132.94
韓,13,0.04,4595,0.05,3581.03
藥,6,0.02,1659,0.02,637.07
逃,8,0.02,1250,0.01,4084.68
恨,5,0.01,915,0.01,2162.28
鉅,5,0.01,468,0.01,6851.14
鹿,10,0.03,945,0.01,9589.12
謝,13,0.04,3661,0.04,1134.1
詐,5,0.01,1029,0.01,1377.98
戌,8,0.02,4291,0.05,6447.34
辟,6,0.02,2595,0.03,3935.16
群,7,0.02,4392,0.05,7370.76
印,12,0.03,2306,0.03,2843.18
卯,11,0.03,4620,0.05,5030.22
賊,38,0.11,13714,0.16,6512.28
嚴,12,0.03,4170,0.05,3263.28
普,6,0.02,1347,0.02,876.31
誅,17,0.05,5153,0.06,2199.29
易,22,0.06,7241,0.08,3655.51
水,36,0.1,14511,0.17,8350.73
離,16,0.05,2151,0.02,7623.98
火,9,0.03,3401,0.04,3584.46
露,10,0.03,1081,0.01,8203.21
良,18,0.05,6502,0.07,4491.82
狀,12,0.03,2803,0.03,831.72
狗,9,0.03,377,0.0,18071.83
走,15,0.04,3588,0.04,657.01
通,24,0.07,11970,0.14,10045.19
視,11,0.03,5044,0.06,5927.96
巢,7,0.02,918,0.01,5246.43
燒,6,0.02,682,0.01,5960.24
盛,9,0.03,3518,0.04,3892.24
風,16,0.05,5829,0.07,4337.55
氣,7,0.02,5292,0.06,9023.98
庚,13,0.04,5346,0.06,5235.82
劍,6,0.02,1538,0.02,86.85
結,16,0.05,2661,0.03,5019.87
佩,6,0.02,658,0.01,6240.81
招,10,0.03,3267,0.04,2393.69
署,5,0.01,2693,0.03,5126.07
藪,9,0.03,98,0.0,39357.32
具,8,0.02,3806,0.04,5378.97
區,5,0.01,879,0.01,2431.83
湖,11,0.03,5049,0.06,5938.16
竹,5,0.01,917,0.01,2147.64
宜,43,0.12,10608,0.12,512.56
獸,5,0.01,647,0.01,4527.19
銀,32,0.09,3480,0.04,14567.33
華,11,0.03,4418,0.05,4577.03
滎,10,0.03,446,0.01,18237.57
青,33,0.1,4720,0.05,9851.28
沂,6,0.02,561,0.01,7513.76
孟,23,0.07,5263,0.06,1444.41
魚,27,0.08,1490,0.02,25629.45
泰,6,0.02,3693,0.04,6669.77
野,13,0.04,1866,0.02,6142.79
浸,5,0.01,601,0.01,5044.59
雍,8,0.02,2488,0.03,1724.87
涇,10,0.03,1380,0.02,5770.96
渭,7,0.02,1104,0.01,3745.78
洛,5,0.01,2337,0.03,4128.81
玉,14,0.04,5240,0.06,4362.57
牛,26,0.07,2859,0.03,12949.0
養,19,0.05,3093,0.04,5752.9
鹽,8,0.02,4138,0.05,6121.64
潞,8,0.02,714,0.01,9114.29
松,6,0.02,1492,0.02,133.64
昭,21,0.06,5647,0.06,813.28
帛,19,0.05,2067,0.02,11218.89
背,8,0.02,1310,0.01,3682.19
辭,12,0.03,5209,0.06,5604.94
克,12,0.03,3679,0.04,1964.96
俗,16,0.05,2134,0.02,7722.49
賓,15,0.04,2830,0.03,3391.77
侍,102,0.29,17272,0.2,12135.48
宿,7,0.02,3519,0.04,5488.26
沒,15,0.04,3485,0.04,991.57
婢,14,0.04,445,0.01,27011.71
贖,7,0.02,821,0.01,6174.3
桑,9,0.03,932,0.01,8198.33
間,21,0.06,6974,0.08,3694.21
色,12,0.03,3832,0.04,2386.09
焉,17,0.05,6809,0.08,5656.08
遊,9,0.03,2562,0.03,1039.6
羽,6,0.02,2670,0.03,4150.24
靈,12,0.03,4146,0.05,3203.2
輦,5,0.01,760,0.01,3417.05
仙,11,0.03,1304,0.01,7627.9
珍,7,0.02,1178,0.01,3225.76
寶,29,0.08,7052,0.08,650.68
廉,5,0.01,2156,0.02,3571.51
廢,8,0.02,5834,0.07,9299.78
置,29,0.08,16973,0.19,13792.32
救,6,0.02,3069,0.03,5214.71
祀,5,0.01,5179,0.06,10143.85
墳,5,0.01,431,0.0,7466.59
陛,9,0.03,7562,0.09,11334.14
損,8,0.02,1977,0.02,206.46
貢,15,0.04,5721,0.07,4736.64
苑,6,0.02,1200,0.01,1718.16
匹,19,0.05,1779,0.02,13351.46
貧,19,0.05,1651,0.02,14438.15
御,42,0.12,15931,0.18,7822.53
髮,15,0.04,304,0.0,36520.82
巾,7,0.02,539,0.01,9855.48
錢,19,0.05,8447,0.1,7375.1
彭,18,0.05,1954,0.02,10948.94
刺,40,0.12,6959,0.08,7079.32
白,24,0.07,9546,0.11,6617.54
畫,6,0.02,1596,0.02,355.71
調,10,0.03,3263,0.04,2382.1
勇,10,0.03,2466,0.03,250.77
存,20,0.06,2946,0.03,7264.58
追,16,0.05,5018,0.06,2539.99
願,7,0.02,4437,0.05,7459.36
習,7,0.02,2531,0.03,2808.22
游,5,0.01,1076,0.01,1080.92
監,26,0.07,10552,0.12,7201.44
強,7,0.02,3002,0.03,4181.77
容,6,0.02,3703,0.04,6691.43
改,21,0.06,13803,0.16,13476.27
納,20,0.06,4685,0.05,1036.05
富,6,0.02,2761,0.03,4404.34
開,72,0.21,9318,0.11,17184.59
新,21,0.06,6661,0.08,3064.85
壽,10,0.03,4594,0.05,5670.21
抱,9,0.03,676,0.01,11434.19
遇,15,0.04,4178,0.05,1091.68
害,11,0.03,4192,0.05,4047.72
輿,6,0.02,1990,0.02,1964.61
備,11,0.03,6449,0.07,8507.62
歷,8,0.02,5521,0.06,8773.44
弱,9,0.03,1745,0.02,2382.21
矢,6,0.02,1289,0.01,1196.51
斷,7,0.02,2453,0.03,2558.86
敗,7,0.02,7090,0.08,11782.82
獲,30,0.09,4047,0.05,10382.36
單,8,0.02,2639,0.03,2222.75
鉤,5,0.01,454,0.01,7076.78
拜,43,0.12,8807,0.1,4136.66
弘,17,0.05,3967,0.05,1002.08
秋,9,0.03,6472,0.07,9721.86
忽,8,0.02,1108,0.01,5130.02
語,11,0.03,4524,0.05,4817.06
咸,11,0.03,3106,0.04,1069.32
楊,20,0.06,5891,0.07,2003.84
豪,7,0.02,1572,0.02,944.04
物,23,0.07,6074,0.07,593.93
承,41,0.12,7473,0.09,6271.1
翁,6,0.02,720,0.01,5538.98
租,5,0.01,1399,0.02,660.31
稅,6,0.02,2589,0.03,3917.73
役,15,0.04,3435,0.04,1157.61
失,19,0.05,7279,0.08,5390.34
落,16,0.05,1914,0.02,9085.28
婕,7,0.02,135,0.0,25651.84
妤,7,0.02,134,0.0,25758.36
疑,5,0.01,3244,0.04,6475.64
蘇,9,0.03,2661,0.03,1377.74
學,30,0.09,17243,0.2,13707.66
移,7,0.02,4510,0.05,7601.62
近,22,0.06,5433,0.06,352.04
育,9,0.03,705,0.01,10997.05
隨,10,0.03,3585,0.04,3275.36
案,5,0.01,1697,0.02,1947.84
刀,12,0.03,1178,0.01,10070.42
蕭,11,0.03,1713,0.02,4823.66
杜,9,0.03,2226,0.03,211.49
勳,7,0.02,1654,0.02,544.94
頓,5,0.01,1087,0.01,1013.34
首,43,0.12,7095,0.08,8388.65
恩,23,0.07,5902,0.07,185.35
掖,9,0.03,736,0.01,10553.88
密,13,0.04,8218,0.09,10135.68
嘗,15,0.04,7070,0.08,7254.25
放,9,0.03,1868,0.02,1772.99
給,23,0.07,9124,0.1,6439.29
錄,10,0.03,4830,0.05,6163.53
差,12,0.03,5447,0.06,6082.78
指,15,0.04,6205,0.07,5694.39
寇,6,0.02,5525,0.06,10053.4
虜,30,0.09,1981,0.02,23379.62
旋,5,0.01,1270,0.01,18.66
應,10,0.03,9014,0.1,12738.54
猶,16,0.05,4143,0.05,261.73
粟,16,0.05,1540,0.02,11887.69
庭,17,0.05,2496,0.03,6738.38
醴,6,0.02,470,0.01,8978.93
唐,10,0.03,5009,0.06,6524.33
鳳,12,0.03,3726,0.04,2096.06
龍,24,0.07,8522,0.1,4934.27
麟,5,0.01,1246,0.01,107.79
謙,7,0.02,1648,0.02,573.45
決,6,0.02,4318,0.05,7943.3
臺,5,0.01,2871,0.03,5584.45
輟,5,0.01,468,0.01,6851.14
木,14,0.04,3509,0.04,116.36
勸,5,0.01,1934,0.02,2829.45
莫,16,0.05,4663,0.05,1665.78
窮,5,0.01,1801,0.02,2347.67
散,32,0.09,3548,0.04,14216.24
仁,13,0.04,7182,0.08,8560.06
虞,9,0.03,2685,0.03,1457.9
收,24,0.07,4208,0.05,5368.06
務,7,0.02,4702,0.05,7967.39
禦,9,0.03,4702,0.05,6588.03
佛,6,0.02,789,0.01,4836.48
烈,7,0.02,1785,0.02,52.9
機,6,0.02,2352,0.03,3198.92
簡,15,0.04,3241,0.04,1826.17
休,8,0.02,2420,0.03,1491.29
孤,24,0.07,1782,0.02,18870.44
帥,7,0.02,4584,0.05,7744.0
對,10,0.03,5379,0.06,7237.37
貞,31,0.09,3946,0.04,11560.64
輩,6,0.02,1368,0.02,763.86
頭,28,0.08,2791,0.03,15119.48
贊,8,0.02,2753,0.03,2581.33
寧,20,0.06,10128,0.12,9383.21
胡,11,0.03,3496,0.04,2237.35
智,8,0.02,1807,0.02,960.65
牙,8,0.02,1211,0.01,4357.96
迎,8,0.02,3177,0.04,3805.72
戊,6,0.02,5279,0.06,9652.91
塞,19,0.05,3217,0.04,5234.78
骨,9,0.03,1268,0.01,5282.97
脫,7,0.02,978,0.01,4727.36
憂,5,0.01,3586,0.04,7224.93
素,13,0.04,3600,0.04,954.2
烏,7,0.02,2144,0.02,1492.97
京,46,0.13,17123,0.19,7800.64
護,7,0.02,2903,0.03,3909.75
祿,44,0.13,5271,0.06,15039.28
橫,7,0.02,2232,0.03,1810.45
午,6,0.02,5236,0.06,9581.53
感,6,0.02,1939,0.02,1774.37
積,7,0.02,4015,0.05,6598.71
增,5,0.01,4362,0.05,8743.84
舍,28,0.08,5404,0.06,4275.35
館,13,0.04,2580,0.03,2612.3
永,31,0.09,9280,0.11,2763.42
溫,11,0.03,2481,0.03,1140.87
魏,21,0.06,5571,0.06,629.07
陶,6,0.02,1221,0.01,1591.51
恭,10,0.03,3687,0.04,3543.0
儀,20,0.06,7350,0.08,4967.56
崇,22,0.06,10456,0.12,8908.7
商,5,0.01,3488,0.04,7016.04
叔,13,0.04,2368,0.03,3536.98
唯,6,0.02,2008,0.02,2030.67
賞,12,0.03,3903,0.04,2576.16
蜀,6,0.02,3233,0.04,5618.87
訟,5,0.01,990,0.01,1635.47
況,5,0.01,1702,0.02,1967.57
關,11,0.03,6797,0.08,9074.87
宇,5,0.01,1188,0.01,423.77
隆,8,0.02,3501,0.04,4646.73
授,33,0.1,9549,0.11,2270.95
領,20,0.06,7494,0.09,5229.91
舊,8,0.02,8159,0.09,12669.74
戴,5,0.01,1091,0.01,988.94
涉,5,0.01,1209,0.01,307.61
癸,8,0.02,5147,0.06,8113.57
酉,9,0.03,4507,0.05,6187.04
字,9,0.03,8197,0.09,12195.92
動,7,0.02,3342,0.04,5060.49
苗,6,0.02,1242,0.01,1467.13
作,26,0.07,8442,0.1,3766.82
尹,14,0.04,2968,0.03,1975.57
緣,6,0.02,1588,0.02,319.2
集,15,0.04,8073,0.09,8872.16
貨,5,0.01,1212,0.01,291.18
突,15,0.04,1423,0.02,11695.0
鐵,9,0.03,2079,0.02,819.22
葬,6,0.02,2807,0.03,4530.07
殤,8,0.02,138,0.0,29163.54
幾,6,0.02,4140,0.05,7595.94
造,7,0.02,2967,0.03,4086.51
伏,12,0.03,4744,0.05,4613.78
戎,9,0.03,2412,0.03,502.33
升,12,0.03,4942,0.06,5045.8
鰥,17,0.05,112,0.0,68907.63
斛,13,0.04,598,0.01,20344.76
辰,5,0.01,6443,0.07,12034.66
悌,12,0.03,237,0.0,33142.59
占,16,0.05,1504,0.02,12199.94
癃,11,0.03,37,0.0,74049.69
丑,8,0.02,4296,0.05,6457.82
丙,9,0.03,5615,0.06,8302.57
寅,8,0.02,4991,0.06,7827.26
半,5,0.01,3731,0.04,7526.19
考,5,0.01,4483,0.05,8962.36
乳,5,0.01,346,0.0,9168.34
豐,12,0.03,3516,0.04,1497.6
邴,6,0.02,93,0.0,26758.84
吉,17,0.05,4284,0.05,62.21
息,10,0.03,2634,0.03,367.12
濟,16,0.05,4527,0.05,1313.88
試,5,0.01,4091,0.05,8237.94
岑,6,0.02,512,0.01,8262.87
選,9,0.03,4769,0.05,6722.63
征,9,0.03,5560,0.06,8205.86
籍,7,0.02,3933,0.04,6423.15
蒙,6,0.02,2340,0.03,3160.85
擢,10,0.03,4024,0.05,4382.24
破,26,0.07,7049,0.08,1028.9
孕,6,0.02,53,0.0,35634.14
邪,8,0.02,3089,0.04,3564.24
娶,16,0.05,412,0.0,32840.03
攝,7,0.02,1367,0.02,2044.15
溺,6,0.02,689,0.01,5880.6
屍,5,0.01,785,0.01,3196.56
韋,13,0.04,1693,0.02,7228.37
奪,9,0.03,2991,0.03,2424.32
焚,10,0.03,1506,0.02,4922.02
勒,11,0.03,1165,0.01,8822.51
執,5,0.01,6445,0.07,12037.44
戰,18,0.05,8728,0.1,8322.86
界,5,0.01,2347,0.03,4158.51
特,17,0.05,4010,0.05,870.24
患,5,0.01,2916,0.03,5696.69
末,6,0.02,3140,0.04,5391.81
偽,10,0.03,1711,0.02,3697.38
真,20,0.06,4520,0.05,1511.8
麗,7,0.02,1285,0.01,2533.76
珠,12,0.03,1063,0.01,11249.9
支,19,0.05,2923,0.03,6501.7
削,5,0.01,1521,0.02,1216.23
衍,6,0.02,1036,0.01,2796.57
逾,9,0.03,1766,0.02,2275.05
英,10,0.03,3806,0.04,3846.91
圖,8,0.02,4931,0.06,7715.26
運,11,0.03,6362,0.07,8362.0
實,21,0.06,7768,0.09,5180.66
乞,12,0.03,5190,0.06,5565.98
紹,7,0.02,4217,0.05,7019.21
基,6,0.02,1249,0.01,1426.15
奔,9,0.03,2464,0.03,692.18
懼,6,0.02,2999,0.03,5036.73
助,7,0.02,1981,0.02,870.66
候,5,0.01,2639,0.03,4982.12
驅,17,0.05,1044,0.01,18688.69
融,5,0.01,1088,0.01,1007.23
便,8,0.02,4175,0.05,6201.3
直,15,0.04,10300,0.12,11951.59
遷,27,0.08,13132,0.15,10245.55
畝,5,0.01,692,0.01,4060.53
枕,5,0.01,218,0.0,13101.99
叛,6,0.02,2660,0.03,4121.87
邦,6,0.02,2129,0.02,2461.05
掠,31,0.09,2150,0.02,22787.02
稍,8,0.02,2433,0.03,1536.42
表,12,0.03,5137,0.06,5456.66
全,6,0.02,4311,0.05,7929.85
允,8,0.02,2727,0.03,2500.77
慮,5,0.01,2178,0.02,3641.35
巡,6,0.02,6822,0.08,11979.25
諫,5,0.01,5403,0.06,10500.27
畢,8,0.02,3046,0.03,3444.01
察,25,0.07,7009,0.08,1506.65
威,10,0.03,5010,0.06,6526.31
訓,7,0.02,2223,0.03,1778.52
檢,48,0.14,6066,0.07,14543.63
環,10,0.03,1434,0.02,5396.83
載,14,0.04,3745,0.04,605.83
總,13,0.04,6997,0.08,8259.68
輒,5,0.01,2741,0.03,5252.04
曲,9,0.03,3308,0.04,3332.94
面,11,0.03,2659,0.03,459.25
卑,10,0.03,1221,0.01,6978.04
畏,7,0.02,1976,0.02,850.8
遁,7,0.02,1616,0.02,727.32
駝,7,0.02,259,0.0,17323.55
尺,8,0.02,2924,0.03,3094.38
弓,7,0.02,1443,0.02,1617.38
準,7,0.02,1251,0.01,2746.67
﻿,5,0.01,526,0.01,5996.45
買,6,0.02,1156,0.01,1991.28
壬,5,0.01,5271,0.06,10291.5
摩,5,0.01,300,0.0,10326.97
優,7,0.02,1769,0.02,17.72
縱,8,0.02,2203,0.03,701.42
毀,5,0.01,1666,0.02,1824.28
倫,5,0.01,1457,0.02,930.17
敘,5,0.01,1042,0.01,1294.42
緒,6,0.02,592,0.01,7079.85
廟,6,0.02,7425,0.08,12789.26
曠,5,0.01,517,0.01,6121.44
惟,7,0.02,6068,0.07,10286.91
淑,6,0.02,493,0.01,8577.43
綱,5,0.01,2011,0.02,3094.97
駕,7,0.02,3064,0.03,4348.18
策,5,0.01,4260,0.05,8556.19
冤,5,0.01,903,0.01,2250.84
饑,6,0.02,1829,0.02,1347.51
累,22,0.06,5134,0.06,1139.4
毛,6,0.02,1156,0.01,1991.28
彌,10,0.03,1241,0.01,6816.51
充,29,0.08,5319,0.06,5172.28
壁,6,0.02,1354,0.02,838.63
均,5,0.01,1821,0.02,2422.13
宋,16,0.05,4468,0.05,1158.03
徽,6,0.02,2425,0.03,3426.87
茂,7,0.02,1984,0.02,882.55
潘,6,0.02,853,0.01,4245.31
清,20,0.06,7905,0.09,5954.56
儼,5,0.01,413,0.0,7789.95
體,11,0.03,2844,0.03,202.1
屯,8,0.02,4159,0.05,6166.93
推,6,0.02,4397,0.05,8093.98
舟,6,0.02,2191,0.02,2672.95
果,8,0.02,2836,0.03,2833.88
黑,10,0.03,1644,0.02,4078.97
純,5,0.01,1477,0.02,1020.84
花,9,0.03,1306,0.01,5010.52
草,5,0.01,2463,0.03,4495.44
倭,9,0.03,807,0.01,9620.48
報,6,0.02,4622,0.05,8512.25
汝,12,0.03,6718,0.08,8371.1
難,9,0.03,4978,0.06,7132.79
班,7,0.02,3660,0.04,5816.37
台,8,0.02,2416,0.03,1477.35
錦,10,0.03,1924,0.02,2583.93
圍,16,0.05,3359,0.04,2228.35
暉,6,0.02,573,0.01,7342.42
亮,7,0.02,1890,0.02,501.35
敏,6,0.02,1672,0.02,693.82
敵,5,0.01,3531,0.04,7108.24
廬,8,0.02,1913,0.02,482.4
權,18,0.05,7253,0.08,5897.96
崖,5,0.01,661,0.01,4378.12
俘,16,0.05,715,0.01,23037.5
避,5,0.01,2275,0.03,3942.22
裴,10,0.03,1123,0.01,7816.88
隋,10,0.03,2266,0.03,1043.99
質,5,0.01,1971,0.02,2958.18
余,17,0.05,2662,0.03,5927.74
勣,9,0.03,360,0.0,18648.57
崔,8,0.02,1915,0.02,473.64
薛,10,0.03,1509,0.02,4902.79
陀,6,0.02,305,0.0,12854.26
妃,11,0.03,2338,0.03,1725.75
兼,54,0.16,10636,0.12,5492.85
柳,10,0.03,1189,0.01,7243.0
奭,5,0.01,228,0.0,12695.5
貶,10,0.03,2217,0.03,1249.2
吳,14,0.04,6557,0.07,6934.29
藏,11,0.03,2250,0.03,2104.42
繼,16,0.05,5284,0.06,3157.52
驍,6,0.02,912,0.01,3743.23
巳,8,0.02,4510,0.05,6897.39
壤,5,0.01,332,0.0,9499.15
擒,19,0.05,1556,0.02,15313.89
量,7,0.02,1508,0.02,1270.64
極,8,0.02,4045,0.05,5918.77
祥,9,0.03,2739,0.03,1635.77
回,12,0.03,2745,0.03,1046.59
殘,5,0.01,820,0.01,2900.62
紫,31,0.09,2060,0.02,23639.47
源,12,0.03,2173,0.02,3459.45
乾,13,0.04,3714,0.04,1288.05
兆,8,0.02,1738,0.02,1287.63
乙,8,0.02,5856,0.07,9335.96
党,5,0.01,203,0.0,13760.28
樓,8,0.02,1651,0.02,1719.59
毗,6,0.02,192,0.0,17608.5
汗,12,0.03,791,0.01,14807.66
甯,7,0.02,1558,0.02,1014.3
邠,12,0.03,624,0.01,17874.2
俄,6,0.02,1675,0.02,706.86
僧,17,0.05,1458,0.02,13838.98
紇,5,0.01,508,0.01,6249.05
僕,13,0.04,3372,0.04,254.35
團,8,0.02,1506,0.02,2495.52
吐,11,0.03,1457,0.02,6474.26
蕃,16,0.05,3396,0.04,2098.01
旨,6,0.02,4076,0.05,7468.25
赴,12,0.03,3441,0.04,1275.54
希,6,0.02,6185,0.07,11068.67
贈,12,0.03,4953,0.06,5069.35
駙,5,0.01,457,0.01,7027.72
約,8,0.02,3076,0.04,3528.05
撫,18,0.05,8839,0.1,8490.81
襲,26,0.07,5050,0.06,4022.9
宥,8,0.02,737,0.01,8815.25
澧,5,0.01,292,0.0,10551.75
宰,7,0.02,4368,0.05,7323.21
付,7,0.02,1314,0.01,2356.89
柱,43,0.12,1153,0.01,52552.3
管,7,0.02,4216,0.05,7017.17
侄,6,0.02,371,0.0,11040.69
段,9,0.03,1405,0.02,4340.61
誥,5,0.01,1364,0.02,492.15
翰,6,0.02,3088,0.04,5262.43
汴,8,0.02,1314,0.01,3656.09
袋,21,0.06,222,0.0,61018.69
典,6,0.02,4659,0.05,8579.56
鎮,11,0.03,9081,0.1,12326.09
達,5,0.01,3440,0.04,6912.09
慈,8,0.02,1464,0.02,2735.17
判,14,0.04,5407,0.06,4718.3
扶,5,0.01,1170,0.01,525.0
押,5,0.01,714,0.01,3844.81
秘,7,0.02,2111,0.02,1370.73
隴,5,0.01,1469,0.02,984.71
練,8,0.02,2235,0.03,822.5
援,6,0.02,2835,0.03,4605.74
寨,8,0.02,996,0.01,6068.22
副,8,0.02,8432,0.1,13018.16
邢,5,0.01,569,0.01,5432.55
假,5,0.01,2018,0.02,3118.65
彥,8,0.02,3210,0.04,3894.74
祚,8,0.02,1146,0.01,4836.09
耶,6,0.02,1124,0.01,2196.93
才,7,0.02,4746,0.05,8049.58
靜,6,0.02,1597,0.02,360.26
曆,6,0.02,5301,0.06,9689.27
品,19,0.05,5610,0.06,1984.44
俊,5,0.01,2569,0.03,4791.88
卷,9,0.03,20247,0.23,23585.96
撰,5,0.01,3260,0.04,6512.02
旗,6,0.02,1930,0.02,1740.31
陷,5,0.01,3555,0.04,7159.33
爭,5,0.01,3379,0.04,6778.36
嬪,5,0.01,199,0.0,13946.79
靖,10,0.03,4924,0.06,6354.37
員,14,0.04,5528,0.06,4969.95
姑,7,0.02,1212,0.01,2998.72
超,6,0.02,1440,0.02,391.23
爾,5,0.01,2288,0.03,3981.7
垂,8,0.02,1826,0.02,872.85
拱,6,0.02,1514,0.02,27.36
閣,10,0.03,6072,0.07,8471.69
鸞,5,0.01,690,0.01,4080.52
討,6,0.02,5171,0.06,9472.82
葉,6,0.02,1503,0.02,80.3
帳,6,0.02,960,0.01,3360.83
芝,6,0.02,951,0.01,3430.89
嶺,5,0.01,1767,0.02,2219.33
溪,5,0.01,2053,0.02,3236.02
僅,6,0.02,797,0.01,4759.64
悅,8,0.02,1915,0.02,473.64
系,7,0.02,1262,0.01,2677.11
釗,5,0.01,138,0.0,17609.82
嫡,6,0.02,1248,0.01,1431.99
秀,8,0.02,1398,0.02,3127.12
補,5,0.01,3498,0.04,7037.56
按,5,0.01,3799,0.04,7664.44
設,8,0.02,4959,0.06,7767.66
階,5,0.01,1837,0.02,2481.16
提,6,0.02,4159,0.05,7633.55
衫,5,0.01,254,0.0,11739.95
頡,9,0.03,301,0.0,20971.23
番,6,0.02,1788,0.02,1182.16
椎,12,0.03,130,0.0,45563.01
髻,5,0.01,82,0.0,23697.19
跣,6,0.02,95,0.0,26455.44
眉,5,0.01,515,0.01,6149.56
雨,7,0.02,3794,0.04,6118.66
祝,5,0.01,956,0.01,1868.83
算,11,0.03,1398,0.02,6901.74
例,5,0.01,2249,0.03,3862.67
供,5,0.01,2551,0.03,4742.27
諾,5,0.01,358,0.0,8897.99
香,5,0.01,1286,0.01,101.66
梃,6,0.02,95,0.0,26455.44
酋,5,0.01,917,0.01,2147.64
